9	5	60	30
0	  37.7802	-122.4128	3	954	954
1	  37.7789	-122.4102	3	743	743
2	  37.7854	-122.3999	3	979	979
3	  37.7900	-122.4326	3	762	762
4	  37.7938	-122.4030	3	551	551
5	  37.6163	-122.3860	3	647	647
6	  37.7942	-122.4047	3	940	940
7	  37.7883	-122.4085	3	692	692
8	  37.7629	-122.3924	3	919	919
9	  37.7398	-122.4024	3	837	837
10	  37.7902	-122.4002	3	620	620
11	  37.7935	-122.4262	3	832	832
12	  37.7911	-122.3900	3	908	908
13	  37.7846	-122.4307	3	734	734
14	  37.7861	-122.4013	3	914	914
15	  37.7836	-122.4711	3	806	806
16	  37.7972	-122.4342	3	783	783
17	  37.7937	-122.3973	3	600	600
18	  37.7857	-122.4248	3	573	573
19	  37.7880	-122.4010	3	899	899
20	  37.7901	-122.3971	3	913	913
21	  37.8067	-122.4122	3	946	946
22	  37.7918	-122.4112	3	993	993
23	  37.7871	-122.4266	3	711	711
24	  37.7935	-122.3930	3	746	746
25	  37.7634	-122.4577	3	867	867
26	  37.7801	-122.4125	3	969	969
27	  37.7859	-122.4111	3	689	689
28	  37.7884	-122.4103	3	852	852
29	  37.7880	-122.4068	3	761	761
30	  37.7802	-122.4128	3	954	954
31	  37.7851	-122.4178	3	1010	1010
32	  37.6146	-122.3896	3	696	696
33	  37.7836	-122.4711	3	806	806
34	  37.7802	-122.4128	3	954	954
35	  37.6148	-122.3855	3	943	943
36	  37.8007	-122.4297	3	579	579
37	  37.6541	-122.4022	3	793	793
38	  37.7859	-122.4111	3	689	689
39	  37.8002	-122.4419	3	794	794
40	  37.7551	-122.4233	3	851	851
41	  37.7801	-122.4125	3	969	969
42	  37.7699	-122.4487	3	886	886
43	  37.7871	-122.4266	3	711	711
44	  37.8055	-122.4069	3	738	738
45	  37.7858	-122.4113	3	787	787
46	  37.6152	-122.3846	3	922	922
47	  37.7914	-122.4076	3	654	654
48	  37.8026	-122.4399	3	944	944
49	  37.7884	-122.4103	3	852	852
50	  37.7851	-122.4327	3	898	898
51	  37.6151	-122.3849	3	858	858
52	  37.7857	-122.4113	3	675	675
53	  37.7928	-122.4035	3	805	805
54	  37.8067	-122.4122	3	946	946
55	  37.8088	-122.4159	3	817	817
56	  37.7947	-122.3994	3	922	922
57	  37.7944	-122.3999	3	805	805
58	  37.7846	-122.4307	3	734	734
59	  37.7884	-122.4103	3	852	852
60	  37.7817	-122.4110	-3	954	954
61	  37.7943	-122.3975	-3	743	743
62	  37.7854	-122.4111	-3	979	979
63	  37.7907	-122.4325	-3	762	762
64	  37.7945	-122.3949	-3	551	551
65	  37.6164	-122.3880	-3	647	647
66	  37.7924	-122.4037	-3	940	940
67	  37.7888	-122.4050	-3	692	692
68	  37.7637	-122.3918	-3	919	919
69	  37.7398	-122.4025	-3	837	837
70	  37.7962	-122.4218	-3	620	620
71	  37.7829	-122.4275	-3	832	832
72	  37.7822	-122.4008	-3	908	908
73	  37.7882	-122.4077	-3	734	734
74	  37.7905	-122.4034	-3	914	914
75	  37.7871	-122.4403	-3	806	806
76	  37.7740	-122.4088	-3	783	783
77	  37.7929	-122.3972	-3	600	600
78	  37.7863	-122.4148	-3	573	573
79	  37.7749	-122.4530	-3	899	899
80	  37.7824	-122.4168	-3	913	913
81	  37.8041	-122.4029	-3	946	946
82	  37.7932	-122.4009	-3	993	993
83	  37.7908	-122.4325	-3	711	711
84	  37.8005	-122.4015	-3	746	746
85	  37.7727	-122.4541	-3	867	867
86	  37.7823	-122.4105	-3	969	969
87	  37.7859	-122.4111	-3	689	689
88	  37.7817	-122.3918	-3	852	852
89	  37.7875	-122.4066	-3	761	761
90	  37.7817	-122.4110	-3	954	954
91	  37.7808	-122.4323	-3	1010	1010
92	  37.7640	-122.3976	-3	696	696
93	  37.7871	-122.4403	-3	806	806
94	  37.7817	-122.4110	-3	954	954
95	  37.7762	-122.3982	-3	943	943
96	  37.7994	-122.4233	-3	579	579
97	  37.6523	-122.4021	-3	793	793
98	  37.7859	-122.4111	-3	689	689
99	  37.8003	-122.4397	-3	794	794
100	  37.7517	-122.4278	-3	851	851
101	  37.7823	-122.4105	-3	969	969
102	  37.7705	-122.4437	-3	886	886
103	  37.7908	-122.4325	-3	711	711
104	  37.7954	-122.3991	-3	738	738
105	  37.7901	-122.4268	-3	787	787
106	  37.7604	-122.3934	-3	922	922
107	  37.7887	-122.4388	-3	654	654
108	  37.7988	-122.4359	-3	944	944
109	  37.7817	-122.3918	-3	852	852
110	  37.7852	-122.4327	-3	898	898
111	  37.7661	-122.4501	-3	858	858
112	  37.7899	-122.3948	-3	675	675
113	  37.7952	-122.4049	-3	805	805
114	  37.8041	-122.4029	-3	946	946
115	  37.8075	-122.4191	-3	817	817
116	  37.7926	-122.3960	-3	922	922
117	  37.7929	-122.3975	-3	805	805
118	  37.7882	-122.4077	-3	734	734
119	  37.7817	-122.3918	-3	852	852
120	  37.7927	-122.3941	1	857	917
121	  37.7950	-122.3936	1	834	894
122	  37.7996	-122.4227	1	855	915
123	  37.7118	-122.2122	1	631	691
124	  37.7545	-122.4166	1	827	887
125	  37.7811	-122.4626	1	627	687
126	  37.7828	-122.4644	1	560	620
127	  37.7764	-122.3959	1	764	824
128	  37.7545	-122.4166	1	952	1012
129	  37.7917	-122.3980	1	621	681
130	  37.7837	-122.3941	1	623	683
131	  37.7890	-122.4187	1	833	893
132	  37.8006	-122.4362	1	766	826
133	  37.7914	-122.3976	1	963	1023
134	  37.6165	-122.3882	1	977	1037
135	  37.7771	-122.4232	1	741	801
136	  37.8041	-122.4385	1	784	844
137	  37.7915	-122.4122	1	873	933
138	  37.7118	-122.2122	1	1000	1060
139	  37.7837	-122.3941	1	927	987
140	  37.8034	-122.4334	1	984	1044
141	  37.8031	-122.4198	1	566	626
142	  37.7950	-122.4183	1	548	608
143	  37.7684	-122.4223	1	914	974
144	  37.8034	-122.4334	1	943	1003
145	  37.7574	-122.4126	1	942	1002
146	  37.7890	-122.4026	1	982	1042
147	  37.7911	-122.4207	1	610	670
148	  37.7545	-122.4166	1	706	766
149	  37.7880	-122.4042	1	934	994
150	  37.7924	-122.3942	-1	928	1140
151	  37.8068	-122.4203	-1	900	1140
152	  37.7963	-122.4220	-1	959	1140
153	  37.7950	-122.4047	-1	700	1140
154	  37.7724	-122.4188	-1	894	1140
155	  37.7807	-122.4704	-1	696	1140
156	  37.7888	-122.4878	-1	626	1140
157	  37.7757	-122.3969	-1	833	1140
158	  37.7724	-122.4188	-1	1018	1140
159	  37.7911	-122.3988	-1	687	1140
160	  37.7820	-122.3921	-1	689	1140
161	  37.7843	-122.4168	-1	905	1140
162	  37.7901	-122.4018	-1	832	1140
163	  37.7911	-122.3996	-1	1030	1140
164	  37.6106	-122.3932	-1	1043	1140
165	  37.7771	-122.4232	-1	812	1140
166	  37.7743	-122.4352	-1	851	1140
167	  37.7880	-122.4028	-1	977	1140
168	  37.7950	-122.4047	-1	1066	1140
169	  37.7820	-122.3921	-1	993	1140
170	  37.8037	-122.4366	-1	1054	1140
171	  37.7887	-122.4053	-1	634	1140
172	  37.7924	-122.4033	-1	620	1140
173	  37.7905	-122.4002	-1	980	1140
174	  37.8037	-122.4366	-1	1018	1140
175	  37.8014	-122.4317	-1	1008	1140
176	  37.7854	-122.3999	-1	1051	1140
177	  37.7792	-122.4109	-1	679	1140
178	  37.7724	-122.4188	-1	772	1140
179	  37.7874	-122.4048	-1	1006	1140
180	  37.7514	-122.3944	0	540	1140
