16	5	100	50
0	  37.7397	-122.3915	3	813	813
1	  37.7902	-122.4002	3	620	620
2	  37.7825	-122.3931	3	764	764
3	  37.7832	-122.4035	3	565	565
4	  37.7650	-122.4164	3	934	934
5	  37.8007	-122.4297	3	579	579
6	  37.7942	-122.4047	3	940	940
7	  37.7880	-122.4010	3	899	899
8	  37.7900	-122.4326	3	762	762
9	  37.7625	-122.4577	3	796	796
10	  37.7947	-122.3994	3	922	922
11	  37.7794	-122.4420	3	1001	1001
12	  37.7769	-122.4309	3	914	914
13	  37.7851	-122.4178	3	1010	1010
14	  37.7649	-122.4314	3	993	993
15	  37.8067	-122.4122	3	946	946
16	  37.7863	-122.4051	3	796	796
17	  37.8019	-122.4390	3	718	718
18	  37.7862	-122.4333	3	591	591
19	  37.7935	-122.4262	3	832	832
20	  37.7880	-122.4068	3	761	761
21	  37.7825	-122.3931	3	764	764
22	  37.7935	-122.4262	3	832	832
23	  37.7864	-122.3993	3	666	666
24	  37.7825	-122.3931	3	764	764
25	  37.7883	-122.4165	3	624	624
26	  37.7548	-122.4026	3	700	700
27	  37.7877	-122.4216	3	727	727
28	  37.7573	-122.4066	3	784	784
29	  37.8002	-122.4419	3	794	794
30	  37.7896	-122.4293	3	748	748
31	  37.7911	-122.3900	3	908	908
32	  37.7851	-122.4178	3	1010	1010
33	  37.7909	-122.4073	3	957	957
34	  37.8067	-122.4122	3	946	946
35	  37.7811	-122.3898	3	966	966
36	  37.7923	-122.4345	3	611	611
37	  37.7751	-122.4056	3	1003	1003
38	  37.7940	-122.4014	3	649	649
39	  37.8002	-122.4419	3	794	794
40	  37.5286	-122.2666	3	995	995
41	  37.6159	-122.3978	3	712	712
42	  37.5286	-122.2666	3	995	995
43	  37.7862	-122.4021	3	560	560
44	  37.7884	-122.4103	3	852	852
45	  37.7769	-122.3945	3	737	737
46	  37.7884	-122.4032	3	847	847
47	  37.7802	-122.4128	3	954	954
48	  37.7944	-122.3999	3	805	805
49	  37.7573	-122.4066	3	784	784
50	  37.6159	-122.3978	3	712	712
51	  37.6178	-122.3853	3	613	613
52	  37.6149	-122.3894	3	959	959
53	  37.7911	-122.3900	3	908	908
54	  37.7825	-122.3931	3	764	764
55	  37.7901	-122.3971	3	913	913
56	  37.7852	-122.4109	3	736	736
57	  37.7920	-122.4110	3	661	661
58	  37.7710	-122.4252	3	747	747
59	  37.7863	-122.4216	3	661	661
60	  37.7844	-122.4391	3	690	690
61	  37.7992	-122.4091	3	950	950
62	  37.7794	-122.4420	3	1001	1001
63	  37.7851	-122.4327	3	898	898
64	  37.7661	-122.4501	3	730	730
65	  37.7649	-122.4314	3	993	993
66	  37.7876	-122.4086	3	984	984
67	  37.7859	-122.4223	3	895	895
68	  37.7940	-122.4014	3	649	649
69	  37.8026	-122.4399	3	944	944
70	  37.6152	-122.3846	3	922	922
71	  37.7836	-122.4711	3	806	806
72	  37.7948	-122.4021	3	692	692
73	  37.7905	-122.4035	3	615	615
74	  37.7940	-122.4014	3	649	649
75	  37.7878	-122.4092	3	962	962
76	  37.7859	-122.4121	3	879	879
77	  37.7940	-122.4014	3	649	649
78	  37.7789	-122.4154	3	574	574
79	  37.7862	-122.4333	3	591	591
80	  37.7869	-122.3982	3	589	589
81	  37.7803	-122.4127	3	808	808
82	  37.7629	-122.3924	3	919	919
83	  37.7870	-122.4111	3	561	561
84	  37.7786	-122.3970	3	744	744
85	  37.7843	-122.4326	3	840	840
86	  37.7946	-122.3958	3	739	739
87	  37.6179	-122.3861	3	690	690
88	  37.7948	-122.4021	3	692	692
89	  37.7863	-122.4216	3	661	661
90	  37.7947	-122.3994	3	922	922
91	  37.7912	-122.3982	3	826	826
92	  37.7769	-122.4309	3	914	914
93	  37.7844	-122.4391	3	981	981
94	  37.7459	-122.4422	3	865	865
95	  37.7710	-122.4252	3	747	747
96	  37.6152	-122.3846	3	922	922
97	  37.7901	-122.3971	3	913	913
98	  37.7947	-122.3994	3	922	922
99	  37.7801	-122.4125	3	969	969
100	  37.7893	-122.4221	-3	813	813
101	  37.7962	-122.4218	-3	620	620
102	  37.7481	-122.4197	-3	764	764
103	  37.6236	-122.4006	-3	565	565
104	  37.7652	-122.4161	-3	934	934
105	  37.7994	-122.4233	-3	579	579
106	  37.7924	-122.4037	-3	940	940
107	  37.7749	-122.4530	-3	899	899
108	  37.7907	-122.4325	-3	762	762
109	  37.7624	-122.4659	-3	796	796
110	  37.7926	-122.3960	-3	922	922
111	  37.7789	-122.4384	-3	1001	1001
112	  37.7901	-122.4010	-3	914	914
113	  37.7808	-122.4323	-3	1010	1010
114	  37.7590	-122.4327	-3	993	993
115	  37.8041	-122.4029	-3	946	946
116	  37.7835	-122.3993	-3	796	796
117	  37.8002	-122.4410	-3	718	718
118	  37.7663	-122.4248	-3	591	591
119	  37.7829	-122.4275	-3	832	832
120	  37.7875	-122.4066	-3	761	761
121	  37.7481	-122.4197	-3	764	764
122	  37.7829	-122.4275	-3	832	832
123	  37.7860	-122.4119	-3	666	666
124	  37.7481	-122.4197	-3	764	764
125	  37.7883	-122.4165	-3	624	624
126	  37.7546	-122.4026	-3	700	700
127	  37.7874	-122.4214	-3	727	727
128	  37.7629	-122.4218	-3	784	784
129	  37.8003	-122.4397	-3	794	794
130	  37.7908	-122.4310	-3	748	748
131	  37.7822	-122.4008	-3	908	908
132	  37.7808	-122.4323	-3	1010	1010
133	  37.7909	-122.4073	-3	957	957
134	  37.8041	-122.4029	-3	946	946
135	  37.7909	-122.3990	-3	966	966
136	  37.7970	-122.4238	-3	611	611
137	  37.7803	-122.3909	-3	1003	1003
138	  37.7954	-122.4005	-3	649	649
139	  37.8003	-122.4397	-3	794	794
140	  37.6146	-122.3944	-3	995	995
141	  37.7154	-122.4018	-3	712	712
142	  37.6146	-122.3944	-3	995	995
143	  37.7925	-122.4030	-3	560	560
144	  37.7817	-122.3918	-3	852	852
145	  37.7793	-122.3934	-3	737	737
146	  37.7982	-122.4228	-3	847	847
147	  37.7817	-122.4110	-3	954	954
148	  37.7929	-122.3975	-3	805	805
149	  37.7629	-122.4218	-3	784	784
150	  37.7154	-122.4018	-3	712	712
151	  37.7806	-122.4023	-3	613	613
152	  37.7817	-122.3920	-3	959	959
153	  37.7822	-122.4008	-3	908	908
154	  37.7481	-122.4197	-3	764	764
155	  37.7824	-122.4168	-3	913	913
156	  37.7919	-122.3979	-3	736	736
157	  37.7921	-122.4108	-3	661	661
158	  37.7679	-122.4289	-3	747	747
159	  37.7940	-122.4230	-3	661	661
160	  37.7857	-122.4288	-3	690	690
161	  37.8080	-122.4158	-3	950	950
162	  37.7789	-122.4384	-3	1001	1001
163	  37.7852	-122.4327	-3	898	898
164	  37.7694	-122.4506	-3	730	730
165	  37.7590	-122.4327	-3	993	993
166	  37.7906	-122.4174	-3	984	984
167	  37.7858	-122.4219	-3	895	895
168	  37.7954	-122.4005	-3	649	649
169	  37.7988	-122.4359	-3	944	944
170	  37.7604	-122.3934	-3	922	922
171	  37.7871	-122.4403	-3	806	806
172	  37.7928	-122.3964	-3	692	692
173	  37.7913	-122.3983	-3	615	615
174	  37.7954	-122.4005	-3	649	649
175	  37.7871	-122.4093	-3	962	962
176	  37.7861	-122.4127	-3	879	879
177	  37.7954	-122.4005	-3	649	649
178	  37.7754	-122.4188	-3	574	574
179	  37.7663	-122.4248	-3	591	591
180	  37.7982	-122.4040	-3	589	589
181	  37.7837	-122.4085	-3	808	808
182	  37.7637	-122.3918	-3	919	919
183	  37.7880	-122.4021	-3	561	561
184	  37.7825	-122.3909	-3	744	744
185	  37.7836	-122.4344	-3	840	840
186	  37.7772	-122.4072	-3	739	739
187	  37.7910	-122.3899	-3	690	690
188	  37.7928	-122.3964	-3	692	692
189	  37.7940	-122.4230	-3	661	661
190	  37.7926	-122.3960	-3	922	922
191	  37.7927	-122.3983	-3	826	826
192	  37.7901	-122.4010	-3	914	914
193	  37.7921	-122.4037	-3	981	981
194	  37.7687	-122.4287	-3	865	865
195	  37.7679	-122.4289	-3	747	747
196	  37.7604	-122.3934	-3	922	922
197	  37.7824	-122.4168	-3	913	913
198	  37.7926	-122.3960	-3	922	922
199	  37.7823	-122.4105	-3	969	969
200	  37.7884	-122.4073	1	722	782
201	  37.8038	-122.4250	1	576	636
202	  37.8011	-122.4194	1	776	836
203	  37.7899	-122.4309	1	990	1050
204	  37.7754	-122.4660	1	566	626
205	  37.7572	-122.4189	1	596	656
206	  37.6163	-122.3903	1	873	933
207	  37.7940	-122.4015	1	728	788
208	  37.6179	-122.3858	1	939	999
209	  37.7940	-122.4015	1	666	726
210	  37.7545	-122.4166	1	888	948
211	  37.7780	-122.4296	1	927	987
212	  37.7572	-122.4189	1	660	720
213	  37.7918	-122.3980	1	962	1022
214	  37.7856	-122.3972	1	813	873
215	  37.8078	-122.4108	1	966	1026
216	  37.7684	-122.3910	1	847	907
217	  37.7684	-122.4223	1	930	990
218	  37.6179	-122.3858	1	590	650
219	  37.8002	-122.4311	1	999	1059
220	  37.8078	-122.4108	1	863	923
221	  37.6179	-122.3858	1	749	809
222	  37.7684	-122.3910	1	920	980
223	  37.7836	-122.4315	1	955	1015
224	  37.7119	-122.2098	1	588	648
225	  37.7118	-122.2122	1	1000	1060
226	  37.8011	-122.4194	1	942	1002
227	  37.7996	-122.4227	1	812	872
228	  37.8055	-122.4053	1	556	616
229	  37.8011	-122.4194	1	666	726
230	  37.7891	-122.4102	1	882	942
231	  37.8069	-122.4191	1	670	730
232	  37.7914	-122.3976	1	635	695
233	  37.7760	-122.4466	1	580	640
234	  37.7866	-122.4145	1	650	710
235	  37.6754	-122.3890	1	593	653
236	  37.6165	-122.3882	1	636	696
237	  37.7950	-122.3936	1	915	975
238	  37.7942	-122.3939	1	782	842
239	  37.7946	-122.4011	1	968	1028
240	  37.7942	-122.3939	1	572	632
241	  37.7994	-122.4243	1	592	652
242	  37.7927	-122.3941	1	885	945
243	  37.7915	-122.4122	1	624	684
244	  37.8031	-122.4198	1	545	605
245	  37.8016	-122.4300	1	621	681
246	  37.8072	-122.4073	1	580	640
247	  37.7684	-122.3910	1	784	844
248	  37.7940	-122.4015	1	541	601
249	  37.8038	-122.4250	1	562	622
250	  37.7860	-122.4121	-1	789	1140
251	  37.8082	-122.4160	-1	644	1140
252	  37.7974	-122.4322	-1	844	1140
253	  37.7782	-122.4283	-1	1058	1140
254	  37.7632	-122.4587	-1	635	1140
255	  37.7632	-122.3976	-1	662	1140
256	  37.6172	-122.3874	-1	942	1140
257	  37.8065	-122.4142	-1	803	1140
258	  37.6740	-122.3896	-1	1008	1140
259	  37.8065	-122.4142	-1	735	1140
260	  37.7724	-122.4188	-1	954	1140
261	  37.7780	-122.4297	-1	996	1140
262	  37.7632	-122.3976	-1	726	1140
263	  37.7917	-122.3980	-1	1028	1140
264	  37.7853	-122.4001	-1	882	1140
265	  37.7908	-122.4183	-1	1037	1140
266	  37.7921	-122.4004	-1	919	1140
267	  37.7905	-122.4002	-1	1005	1140
268	  37.6740	-122.3896	-1	657	1140
269	  37.7990	-122.4242	-1	1068	1140
270	  37.7908	-122.4183	-1	938	1140
271	  37.6740	-122.3896	-1	820	1140
272	  37.7921	-122.4004	-1	989	1140
273	  37.7950	-122.4215	-1	1058	1140
274	  37.7927	-122.3994	-1	692	1140
275	  37.7950	-122.4047	-1	1068	1140
276	  37.7974	-122.4322	-1	1008	1140
277	  37.7963	-122.4220	-1	882	1140
278	  37.7897	-122.4206	-1	624	1140
279	  37.7974	-122.4322	-1	733	1140
280	  37.7871	-122.4169	-1	948	1140
281	  37.8073	-122.4149	-1	736	1140
282	  37.7911	-122.3996	-1	702	1140
283	  37.7739	-122.4341	-1	647	1140
284	  37.7884	-122.4067	-1	716	1140
285	  37.6762	-122.3886	-1	660	1140
286	  37.6106	-122.3932	-1	707	1140
287	  37.8068	-122.4203	-1	981	1140
288	  37.7944	-122.3991	-1	850	1140
289	  37.7857	-122.4060	-1	1034	1140
290	  37.7944	-122.3991	-1	642	1140
291	  37.7787	-122.4312	-1	658	1140
292	  37.7924	-122.3942	-1	952	1140
293	  37.7880	-122.4028	-1	694	1140
294	  37.7887	-122.4053	-1	611	1140
295	  37.8012	-122.4279	-1	687	1140
296	  37.8041	-122.4051	-1	651	1140
297	  37.7921	-122.4004	-1	853	1140
298	  37.8065	-122.4142	-1	608	1140
299	  37.8082	-122.4160	-1	635	1140
300	  37.7514	-122.3944	0	540	1140
