8	5	50	25
0	  21.0047	   9.8596	3	610	610
1	  19.5775	  19.9610	3	874	874
2	   8.3806	  19.2057	3	949	949
3	   6.9444	  13.8492	3	642	642
4	  11.9349	  15.7218	3	573	573
5	   9.1196	  12.8350	3	650	650
6	  23.8057	  22.9049	3	668	668
7	  15.8928	  17.9324	3	780	780
8	   3.5401	  15.1742	3	909	909
9	   3.4308	  20.1044	3	611	611
10	   3.9170	  10.0236	3	748	748
11	   3.2448	   2.7202	3	691	691
12	  24.9731	   5.4564	3	633	633
13	  12.8233	  20.9778	3	727	727
14	  15.3160	   7.4008	3	832	832
15	  15.9388	  13.1072	3	1005	1005
16	  12.3396	  24.3194	3	824	824
17	   7.3129	  19.2839	3	653	653
18	  13.1686	  19.2478	3	787	787
19	  10.0057	  22.2882	3	685	685
20	   7.0829	   8.8115	3	724	724
21	  20.1931	  22.9757	3	613	613
22	   1.7439	  23.7332	3	589	589
23	  13.1499	   2.1514	3	642	642
24	   4.8053	  16.5807	3	560	560
25	  22.2558	   8.7223	3	968	968
26	   1.6043	   0.5006	3	970	970
27	  11.4425	   1.5774	3	628	628
28	   5.9570	  24.2659	3	608	608
29	  22.5552	  21.2730	3	599	599
30	  10.9409	  23.2959	3	874	874
31	  23.2702	  18.0238	3	658	658
32	  15.9995	   8.8512	3	913	913
33	  17.1965	   4.1494	3	655	655
34	  20.7300	   8.2584	3	741	741
35	   8.7590	  17.1667	3	798	798
36	  23.9117	  14.7160	3	617	617
37	  16.4326	  21.4669	3	721	721
38	  10.9890	  23.0992	3	890	890
39	   9.9609	  20.3692	3	839	839
40	  12.0623	   5.3956	3	772	772
41	  23.7563	  23.0032	3	951	951
42	  16.0270	  10.7988	3	842	842
43	  15.4899	   7.0265	3	717	717
44	   4.6883	   6.9059	3	990	990
45	  13.9111	  10.4125	3	634	634
46	   4.2402	  22.6701	3	682	682
47	   2.5793	   3.1519	3	774	774
48	  12.3861	  19.0119	3	599	599
49	  18.7443	   9.2166	3	781	781
50	  20.6848	   8.2870	-3	610	610
51	  19.9450	  18.3164	-3	874	874
52	   9.3802	  19.0062	-3	949	949
53	   6.6666	  13.4940	-3	642	642
54	  12.8134	  16.6931	-3	573	573
55	   8.6236	  14.9620	-3	650	650
56	  23.9659	  22.9733	-3	668	668
57	  16.4687	  19.0444	-3	780	780
58	   2.6962	  16.1802	-3	909	909
59	   4.0992	  20.7503	-3	611	611
60	   4.7050	  10.9124	-3	748	748
61	   3.7807	   1.8136	-3	691	691
62	  24.9998	   5.1082	-3	633	633
63	  11.5355	  20.4919	-3	727	727
64	  15.2221	   6.4727	-3	832	832
65	  16.6720	  12.4315	-3	1005	1005
66	  12.7671	  24.2866	-3	824	824
67	   7.1073	  18.4634	-3	653	653
68	  13.2702	  18.9323	-3	787	787
69	  11.0026	  22.0019	-3	685	685
70	   6.1082	   8.1503	-3	724	724
71	  20.9207	  20.4532	-3	613	613
72	   1.8632	  23.7526	-3	589	589
73	  13.3110	   2.1911	-3	642	642
74	   5.5914	  16.2783	-3	560	560
75	  20.7485	   9.8597	-3	968	968
76	   2.3370	   3.3726	-3	970	970
77	  10.8628	   0.0808	-3	628	628
78	   5.7242	  22.3343	-3	608	608
79	  21.8318	  20.7759	-3	599	599
80	  10.6832	  23.3624	-3	874	874
81	  24.4859	  18.5953	-3	658	658
82	  17.1111	   9.5797	-3	913	913
83	  18.1888	   3.4765	-3	655	655
84	  19.6501	   7.6864	-3	741	741
85	  10.3496	  17.3996	-3	798	798
86	  22.7121	  15.5524	-3	617	617
87	  17.1055	  22.7743	-3	721	721
88	  11.5916	  21.2236	-3	890	890
89	   9.5958	  19.3568	-3	839	839
90	  12.1857	   3.9318	-3	772	772
91	  24.6188	  23.3751	-3	951	951
92	  14.4857	  11.3144	-3	842	842
93	  16.3283	   6.4316	-3	717	717
94	   4.0689	   6.8478	-3	990	990
95	  13.9390	  10.6550	-3	634	634
96	   3.1369	  19.8368	-3	682	682
97	   1.2985	   3.9452	-3	774	774
98	  14.4243	  21.9403	-3	599	599
99	  18.2682	   8.2094	-3	781	781
100	   7.3540	   5.8065	1	781	841
101	  14.6122	   6.1103	1	693	753
102	   3.8097	  18.3037	1	1004	1064
103	   4.1025	  18.6268	1	660	720
104	   1.3132	  13.0391	1	975	1035
105	   4.4053	   6.0016	1	646	706
106	  16.4141	  24.1851	1	581	641
107	  13.0053	   1.9558	1	798	858
108	   1.7477	   5.1164	1	566	626
109	  14.3330	  18.8895	1	909	969
110	  22.2489	   3.1367	1	707	767
111	  24.9450	   1.3514	1	842	902
112	  21.7635	   1.8082	1	847	907
113	   0.1040	  23.0767	1	652	712
114	  14.8473	   4.5093	1	707	767
115	   4.0783	   9.7923	1	830	890
116	  22.8257	  20.4924	1	782	842
117	   8.9774	  13.8121	1	856	916
118	  17.1847	   2.4910	1	591	651
119	   7.6074	  24.8057	1	682	742
120	  18.6952	  15.7227	1	925	985
121	   0.8855	  18.6951	1	545	605
122	  20.8310	  23.1344	1	835	895
123	  22.5842	  24.5899	1	987	1047
124	  16.2427	   6.2011	1	612	672
125	   8.2194	   5.7857	-1	848	1140
126	  15.7370	   5.7284	-1	760	1140
127	   4.5105	  17.1045	-1	1071	1140
128	   3.0286	  17.1446	-1	728	1140
129	   2.7819	   9.0400	-1	1047	1140
130	   4.4552	   5.5491	-1	712	1140
131	  15.9865	  18.9934	-1	654	1140
132	  12.4631	   3.0315	-1	865	1140
133	   3.4560	   9.0111	-1	638	1140
134	  15.2276	  15.6789	-1	979	1140
135	  22.2237	   1.9249	-1	774	1140
136	  24.6091	   0.0895	-1	909	1140
137	  21.5479	   5.0887	-1	917	1140
138	   6.5124	  21.9346	-1	727	1140
139	  14.5893	   6.6365	-1	776	1140
140	   9.0900	   7.2067	-1	904	1140
141	  23.5763	  22.9068	-1	851	1140
142	   9.8582	  16.4708	-1	926	1140
143	  17.9817	   2.8320	-1	658	1140
144	   8.1202	  23.2974	-1	750	1140
145	  16.8484	  15.9410	-1	993	1140
146	   1.8540	  15.8268	-1	615	1140
147	  20.9533	  18.1063	-1	908	1140
148	  19.1218	  17.4769	-1	1064	1140
149	  17.5155	   7.9217	-1	681	1140
150	  11.1758	   5.6527	0	540	1140
151	   0.4075	   6.0722	0	540	1140
152	  22.7912	   4.9388	0	540	1140
153	  22.7411	  21.8495	0	540	1140
154	  19.5820	  19.3597	0	540	1140
155	   3.6915	  22.0266	0	540	1140
156	  13.2902	   0.9820	0	540	1140
157	  15.5456	   1.0216	0	540	1140
