5	5	30	70
0	   3.3141	  23.6023	3	614	614
1	   1.9657	  14.4950	3	732	732
2	   4.4070	  18.5388	3	1000	1000
3	  10.4576	   0.9966	3	634	634
4	   3.2978	  18.6898	3	609	609
5	  11.7748	  12.7571	3	711	711
6	   8.3882	   9.7250	3	793	793
7	   8.9264	  22.5488	3	852	852
8	   6.2938	  22.0919	3	585	585
9	  20.5892	  15.5302	3	1030	1030
10	  20.8411	   1.1934	3	593	593
11	  24.7012	  13.2393	3	988	988
12	   2.4058	  11.6792	3	966	966
13	  19.9120	   4.3715	3	725	725
14	   1.1742	  24.3190	3	924	924
15	  22.9102	  11.6318	3	897	897
16	   0.3155	   1.2080	3	644	644
17	   5.3216	  12.0904	3	576	576
18	  13.9652	   5.1654	3	781	781
19	  19.9021	  21.1842	3	695	695
20	  11.7145	   4.5555	3	947	947
21	  16.6847	  16.5991	3	664	664
22	  18.5440	  16.3859	3	607	607
23	   4.8385	   1.9090	3	1022	1022
24	  12.6956	   7.2442	3	901	901
25	  13.5881	   7.6075	3	962	962
26	  11.6157	  14.7623	3	955	955
27	   6.9265	   9.5260	3	738	738
28	  10.7340	   6.7157	3	665	665
29	  19.3324	  24.6992	3	670	670
30	   2.6960	  22.3533	-3	614	614
31	   1.2693	  15.4646	-3	732	732
32	   3.8338	  19.3207	-3	1000	1000
33	  10.3435	   1.2678	-3	634	634
34	   3.0114	  18.2276	-3	609	609
35	  10.7169	  13.2737	-3	711	711
36	   7.4460	   9.6702	-3	793	793
37	   9.4937	  22.1181	-3	852	852
38	   6.1185	  21.8654	-3	585	585
39	  19.9269	  15.7149	-3	1030	1030
40	  19.7947	   1.6849	-3	593	593
41	  24.1190	  13.5849	-3	988	988
42	   2.8135	  11.3381	-3	966	966
43	  20.3574	   6.7769	-3	725	725
44	   1.4176	  23.8615	-3	924	924
45	  23.2675	  11.8205	-3	897	897
46	   1.0138	   3.3369	-3	644	644
47	   5.1173	  10.0383	-3	576	576
48	  13.8099	   5.1043	-3	781	781
49	  21.3152	  20.2540	-3	695	695
50	  11.1722	   3.2221	-3	947	947
51	  16.0951	  16.5570	-3	664	664
52	  17.3650	  16.3800	-3	607	607
53	   4.3704	   0.2504	-3	1022	1022
54	  12.4371	   7.9629	-3	901	901
55	  13.9395	   8.3437	-3	962	962
56	  10.5989	  15.4423	-3	955	955
57	   5.6507	   8.5122	-3	738	738
58	  11.8118	   7.4263	-3	665	665
59	  18.6208	  24.7044	-3	670	670
60	  11.8811	  22.0284	1	861	921
61	  22.0525	   1.7715	1	659	719
62	   8.6508	  16.9546	1	774	834
63	  22.9557	  17.3651	1	841	901
64	  21.9206	  24.1307	1	903	963
65	  15.5166	   6.1078	1	763	823
66	  17.3736	   3.2122	1	615	675
67	  13.3520	   5.9617	1	588	648
68	  10.8197	  24.9678	1	676	736
69	  24.9883	  20.2277	1	800	860
70	  16.3491	  16.9794	1	940	1000
71	  17.4864	  24.9999	1	729	789
72	   0.1124	  14.2856	1	680	740
73	  15.5107	   1.3817	1	876	936
74	   4.7502	   6.0273	1	984	1044
75	   7.4895	  22.1238	1	844	904
76	   9.2394	  20.8415	1	875	935
77	   3.0855	  20.0592	1	610	670
78	  20.9277	  12.7936	1	691	751
79	   0.5308	  24.7615	1	579	639
80	   7.1143	  20.4577	1	717	777
81	  15.4764	  23.4634	1	560	620
82	  23.4633	  21.3711	1	973	1033
83	  23.4050	  15.8283	1	795	855
84	  24.8991	   9.8641	1	653	713
85	   9.2890	   7.3886	1	586	646
86	   6.9879	  18.5285	1	589	649
87	   3.2301	  10.0734	1	770	830
88	  13.5876	  24.0394	1	664	724
89	   8.8829	   1.3930	1	725	785
90	  14.1866	   4.8733	1	830	890
91	   4.5721	  21.3010	1	985	1045
92	   0.3309	  20.0485	1	776	836
93	  24.9337	  14.1698	1	594	654
94	   0.1519	  24.8328	1	749	809
95	  24.0339	   9.4409	1	602	662
96	   7.2213	   6.0217	1	818	878
97	   2.9694	  10.4514	1	824	884
98	  17.9500	  13.8333	1	650	710
99	  18.7066	   9.3607	1	886	946
100	   3.4376	  19.0375	1	546	606
101	  16.4295	  15.9446	1	983	1043
102	  12.8348	   8.7707	1	1007	1067
103	  14.6552	  12.9867	1	686	746
104	   8.6034	  13.6890	1	781	841
105	  22.4276	  15.8248	1	913	973
106	  16.9541	  10.7671	1	923	983
107	  10.7839	   9.9041	1	647	707
108	  17.0408	  18.3069	1	983	1043
109	  12.3444	   4.3422	1	1006	1066
110	  18.6803	  19.1499	1	618	678
111	  10.9160	  12.9738	1	691	751
112	   3.7986	   8.6502	1	556	616
113	   8.7407	   5.0748	1	581	641
114	  19.4561	   0.6948	1	878	938
115	  15.8419	   5.2399	1	601	661
116	   8.7492	  20.7454	1	627	687
117	   0.0877	  16.7983	1	927	987
118	  24.7943	   1.6933	1	832	892
119	   8.6677	   4.7996	1	683	743
120	  10.0395	  12.5614	1	574	634
121	   1.5973	  13.3190	1	584	644
122	  13.5354	   7.0255	1	591	651
123	  10.3764	  20.9856	1	743	803
124	  19.5289	   8.6439	1	639	699
125	  17.8274	   7.6004	1	800	860
126	   8.9760	  10.3545	1	737	797
127	  11.1933	  19.3195	1	849	909
128	  19.3707	   9.1585	1	546	606
129	   8.0237	  16.6076	1	779	839
130	  12.7511	  23.5174	-1	928	1140
131	  19.7108	   0.3970	-1	727	1140
132	   8.9340	  15.4421	-1	842	1140
133	  24.3092	  16.3569	-1	908	1140
134	  20.8093	  23.8095	-1	969	1140
135	  14.9519	   5.8518	-1	832	1140
136	  17.5271	   3.5929	-1	684	1140
137	  12.8568	   6.8279	-1	655	1140
138	   9.4908	  24.9780	-1	742	1140
139	  24.5085	  19.5105	-1	870	1140
140	  16.5750	  16.5402	-1	1014	1140
141	  17.9248	  24.2077	-1	801	1140
142	   1.6248	  13.7356	-1	747	1140
143	  15.5880	   0.3206	-1	946	1140
144	   4.7886	   7.1367	-1	1052	1140
145	   9.0559	  21.8902	-1	912	1140
146	  10.0946	  20.5997	-1	945	1140
147	   2.5457	  19.8885	-1	677	1140
148	  19.7643	  12.7680	-1	761	1140
149	   1.9626	  24.5096	-1	645	1140
150	   6.8478	  20.5741	-1	783	1140
151	  15.2011	  23.7011	-1	629	1140
152	  22.4695	  22.2257	-1	1042	1140
153	  23.2186	  15.0549	-1	862	1140
154	  24.8371	   8.5589	-1	722	1140
155	   7.8061	   7.2827	-1	654	1140
156	   7.5793	  18.2835	-1	658	1140
157	   2.7598	  10.9915	-1	841	1140
158	  10.5953	  22.9293	-1	735	1140
159	   9.1391	   1.4164	-1	794	1140
160	  15.3431	   6.1208	-1	896	1140
161	   4.8775	  21.7364	-1	1051	1140
162	   0.0893	  20.1693	-1	842	1140
163	  23.6587	  13.7847	-1	660	1140
164	   2.9678	  20.2042	-1	815	1140
165	  24.0244	   7.1590	-1	668	1140
166	   6.8055	   7.4205	-1	884	1140
167	   1.2762	  10.8059	-1	890	1140
168	  15.7179	  14.3361	-1	716	1140
169	  18.2925	   9.7838	-1	952	1140
170	   1.1107	  18.4657	-1	612	1140
171	  15.0103	  16.3474	-1	1049	1140
172	  12.7538	   9.1835	-1	1073	1140
173	  15.2436	  11.8505	-1	752	1140
174	   7.4502	  12.5034	-1	847	1140
175	  24.6004	  15.5724	-1	979	1140
176	  16.7189	  10.7574	-1	989	1140
177	  11.7628	  10.1099	-1	713	1140
178	  17.7414	  20.2435	-1	1049	1140
179	  13.5270	   2.3491	-1	1072	1140
180	  20.0859	  18.6875	-1	684	1140
181	   9.9246	  12.6597	-1	757	1140
182	   5.1938	  11.4124	-1	622	1140
183	   7.4883	   4.2556	-1	647	1140
184	  17.2100	   1.6667	-1	944	1140
185	  16.6249	   4.4065	-1	667	1140
186	   9.9639	  21.6609	-1	693	1140
187	   3.5188	  16.6726	-1	993	1140
188	  20.3289	   7.9749	-1	898	1140
189	   8.5554	   2.1523	-1	749	1140
190	  12.9234	  11.2615	-1	640	1140
191	   2.2620	  12.1110	-1	650	1140
192	  11.9323	   9.0193	-1	657	1140
193	  11.6223	  19.8611	-1	809	1140
194	  18.9493	  10.0043	-1	705	1140
195	  17.4572	   8.2438	-1	866	1140
196	  11.1353	   9.3477	-1	803	1140
197	   9.8998	  18.8860	-1	915	1140
198	  16.5249	  10.7086	-1	612	1140
199	   6.4813	  18.5854	-1	845	1140
200	   6.5700	   5.7978	0	540	1140
201	  20.8123	   2.6396	0	540	1140
202	  13.2213	  22.2732	0	540	1140
203	  24.8999	  14.7458	0	540	1140
204	  24.2744	  21.0353	0	540	1140
