8	5	50	60
0	   7.2616	  17.3241	3	683	683
1	  16.6207	  12.1529	3	659	659
2	   9.1483	  14.2667	3	914	914
3	  12.0345	   7.6186	3	783	783
4	  11.1467	  15.3836	3	1002	1002
5	   9.0719	  19.9333	3	869	869
6	   1.7156	  14.1746	3	718	718
7	   6.0769	  14.6022	3	716	716
8	  10.5447	   1.6026	3	887	887
9	   0.1549	  22.8668	3	576	576
10	  23.8954	  11.3692	3	678	678
11	  16.6856	  20.9369	3	644	644
12	  22.1636	  23.9472	3	952	952
13	  13.2610	  13.7842	3	635	635
14	   3.0509	  22.0061	3	833	833
15	   9.6373	  16.2314	3	661	661
16	  10.5219	   6.6565	3	578	578
17	  14.7635	  21.6686	3	760	760
18	  22.0400	  23.8353	3	691	691
19	  13.0099	  22.6789	3	783	783
20	  24.2815	  13.5128	3	766	766
21	  19.1138	  22.0455	3	631	631
22	  10.8298	  23.1544	3	790	790
23	   4.7841	  13.8807	3	896	896
24	  21.5662	  15.6340	3	942	942
25	  21.4390	  11.3297	3	788	788
26	  12.3026	  18.4790	3	947	947
27	  10.1650	   3.9046	3	622	622
28	  17.2347	  23.1749	3	768	768
29	   1.5835	   5.5926	3	791	791
30	  21.7296	   0.8649	3	606	606
31	  19.1054	  18.1510	3	763	763
32	  24.0418	  18.9874	3	762	762
33	  16.0330	  18.3124	3	832	832
34	   0.5303	   1.8628	3	987	987
35	  16.4668	   5.3144	3	725	725
36	   1.4098	  16.3020	3	662	662
37	  11.4895	  22.8488	3	1017	1017
38	   2.6317	  23.7921	3	753	753
39	  16.3279	  12.7967	3	861	861
40	   2.6967	   8.5626	3	906	906
41	  10.9716	   4.2801	3	871	871
42	  14.1552	   7.7012	3	945	945
43	   5.1450	   8.2606	3	690	690
44	  22.3424	  18.2810	3	947	947
45	   0.4227	  22.8727	3	611	611
46	  20.1438	  16.8895	3	792	792
47	   3.1871	  10.8872	3	965	965
48	   3.5168	  22.9229	3	811	811
49	   6.7427	   4.9266	3	795	795
50	   6.2581	  18.1556	-3	683	683
51	  15.7434	  11.6273	-3	659	659
52	  10.7310	  14.1878	-3	914	914
53	  12.0543	   7.3748	-3	783	783
54	  11.5624	  13.9477	-3	1002	1002
55	   8.9408	  19.0859	-3	869	869
56	   1.8910	  13.8287	-3	718	718
57	   5.1121	  14.7825	-3	716	716
58	  10.3966	   0.9105	-3	887	887
59	   0.2466	  23.3897	-3	576	576
60	  22.6573	  11.5367	-3	678	678
61	  16.9715	  21.5606	-3	644	644
62	  22.2116	  24.2845	-3	952	952
63	  14.1619	  12.7097	-3	635	635
64	   3.3590	  21.7825	-3	833	833
65	   9.4691	  15.2858	-3	661	661
66	  10.4690	   6.1526	-3	578	578
67	  16.7646	  21.5584	-3	760	760
68	  21.4214	  23.1769	-3	691	691
69	  13.3579	  23.5546	-3	783	783
70	  24.8820	  13.1071	-3	766	766
71	  19.7357	  20.8555	-3	631	631
72	  10.6265	  23.3635	-3	790	790
73	   3.9227	  15.3928	-3	896	896
74	  21.6514	  15.2056	-3	942	942
75	  20.6979	  11.0670	-3	788	788
76	  13.1079	  18.6810	-3	947	947
77	   9.9838	   4.2050	-3	622	622
78	  16.5091	  23.4910	-3	768	768
79	   2.2895	   5.9422	-3	791	791
80	  21.6058	   1.4881	-3	606	606
81	  19.4477	  17.3833	-3	763	763
82	  23.3970	  18.1944	-3	762	762
83	  17.0243	  19.1032	-3	832	832
84	   1.3153	   1.6400	-3	987	987
85	  15.4744	   5.8307	-3	725	725
86	   2.2017	  16.9736	-3	662	662
87	  10.4819	  22.2370	-3	1017	1017
88	   3.5220	  24.8421	-3	753	753
89	  17.4689	  13.0267	-3	861	861
90	   2.2480	   7.1103	-3	906	906
91	   9.9340	   4.8759	-3	871	871
92	  13.3618	   6.5885	-3	945	945
93	   4.6582	   8.3843	-3	690	690
94	  22.4283	  17.5762	-3	947	947
95	   0.0816	  24.1783	-3	611	611
96	  20.3040	  17.8826	-3	792	792
97	   1.8288	  10.2860	-3	965	965
98	   4.8445	  24.4753	-3	811	811
99	   6.2886	   5.6754	-3	795	795
100	  14.2249	  18.2322	1	761	821
101	   2.7754	  16.8565	1	687	747
102	   4.6532	  19.7210	1	766	826
103	   2.6658	  15.6249	1	741	801
104	  24.0011	  16.8210	1	635	695
105	  23.3261	   4.1462	1	760	820
106	   8.3330	   2.3296	1	822	882
107	   3.5481	  15.7544	1	844	904
108	   1.6416	   2.1176	1	965	1025
109	   7.0441	  18.8830	1	602	662
110	  10.7396	  18.6408	1	716	776
111	   6.0177	  12.3629	1	671	731
112	   5.5175	  21.4312	1	715	775
113	  16.5220	   9.0656	1	570	630
114	  15.8009	  13.8272	1	894	954
115	  17.2404	  20.4590	1	742	802
116	  14.3420	  23.8281	1	615	675
117	   9.1040	   0.0816	1	768	828
118	  18.1936	  18.0246	1	802	862
119	   0.8358	   9.7027	1	678	738
120	  16.5156	   4.3579	1	969	1029
121	  14.1685	  15.0622	1	628	688
122	  13.7675	   5.6906	1	690	750
123	  24.1278	   0.9531	1	856	916
124	  20.8134	  14.9287	1	928	988
125	  10.3877	  11.9919	1	789	849
126	  12.3383	  24.7297	1	967	1027
127	  10.8200	  21.4424	1	912	972
128	   9.1196	   4.0843	1	676	736
129	  12.0158	  13.6245	1	788	848
130	   5.9607	   6.1401	1	637	697
131	  11.8306	  10.7506	1	829	889
132	   0.6793	  10.4617	1	867	927
133	  10.7968	   8.2736	1	795	855
134	   0.8939	  20.6820	1	561	621
135	  18.0319	  12.6717	1	962	1022
136	  22.9952	  15.1408	1	546	606
137	   6.5716	   9.7260	1	775	835
138	   4.4542	  10.2277	1	729	789
139	   3.9450	   0.1356	1	971	1031
140	  15.6914	   8.0508	1	837	897
141	  16.3244	   1.0843	1	837	897
142	  12.0962	   2.8868	1	564	624
143	  15.0320	  12.9901	1	944	1004
144	  23.5688	   8.0639	1	867	927
145	   0.6618	  21.5640	1	850	910
146	   6.5750	   1.9701	1	609	669
147	  11.6961	  16.6011	1	943	1003
148	   6.3410	  16.1504	1	608	668
149	   8.2701	   5.6017	1	871	931
150	   4.0562	   7.8379	1	611	671
151	  24.2780	   2.2609	1	969	1029
152	  18.5903	   0.3405	1	891	951
153	   7.0775	  20.4191	1	693	753
154	  15.1196	   0.5368	1	816	876
155	   7.4143	  15.5841	1	809	869
156	  18.2982	   9.2741	1	874	934
157	  23.4292	  15.7660	1	773	833
158	   6.6931	   1.7927	1	644	704
159	   3.9325	  12.3807	1	541	601
160	  12.6774	  17.8756	-1	827	1140
161	   3.7653	  17.2569	-1	753	1140
162	   3.5342	  19.4711	-1	832	1140
163	   3.9353	  16.4597	-1	807	1140
164	  24.5282	  17.8077	-1	701	1140
165	  23.2122	   5.7136	-1	826	1140
166	   6.7773	   2.4798	-1	888	1140
167	   3.1663	  17.3807	-1	910	1140
168	   0.2367	   1.1745	-1	1031	1140
169	   5.9602	  19.1860	-1	668	1140
170	  11.6228	  19.7282	-1	782	1140
171	   4.4372	  12.0368	-1	737	1140
172	   4.1452	  20.9922	-1	781	1140
173	  16.8314	   8.7036	-1	636	1140
174	  14.7804	  13.0538	-1	960	1140
175	  19.6152	  21.4921	-1	808	1140
176	  15.8549	  24.9741	-1	681	1140
177	   7.0898	   1.2584	-1	834	1140
178	  18.9996	  15.9271	-1	868	1140
179	   0.9921	   9.5531	-1	744	1140
180	  17.8717	   4.6243	-1	1035	1140
181	  15.6192	  15.5003	-1	694	1140
182	  15.0052	   7.1480	-1	756	1140
183	  23.2048	   0.9472	-1	922	1140
184	  19.0818	  15.6016	-1	994	1140
185	  10.5108	  12.8601	-1	855	1140
186	   9.3774	  23.7610	-1	1033	1140
187	   8.3561	  21.5557	-1	978	1140
188	   8.2378	   4.8228	-1	742	1140
189	  10.5972	  13.5696	-1	854	1140
190	   4.5325	   7.6894	-1	703	1140
191	  12.9372	  10.8686	-1	895	1140
192	   0.2854	  10.0110	-1	933	1140
193	  11.4390	   9.2257	-1	861	1140
194	   1.3166	  21.6983	-1	627	1140
195	  17.7692	  13.7707	-1	1028	1140
196	  22.5613	  13.9865	-1	612	1140
197	   6.1385	  10.1806	-1	841	1140
198	   4.3173	   8.7668	-1	795	1140
199	   4.2310	   1.9891	-1	1037	1140
200	  17.3300	   7.8428	-1	905	1140
201	  14.9103	   1.8832	-1	906	1140
202	  12.2967	   3.0027	-1	632	1140
203	  18.2041	  13.1466	-1	1011	1140
204	  23.2993	   9.0003	-1	933	1140
205	   1.5529	  18.2052	-1	919	1140
206	   7.1761	   2.7140	-1	677	1140
207	  12.7042	  17.7322	-1	1012	1140
208	   5.2405	  16.1547	-1	675	1140
209	   8.7850	   5.8530	-1	942	1140
210	   3.0170	  11.5787	-1	679	1140
211	  20.6501	   1.2422	-1	1036	1140
212	  18.4840	   1.4141	-1	960	1140
213	   4.5713	  20.5822	-1	761	1140
214	  14.1074	   3.9654	-1	885	1140
215	   8.2025	  17.4287	-1	875	1140
216	  19.0616	   9.8533	-1	942	1140
217	  23.9265	  17.7400	-1	844	1140
218	   9.6278	   4.6757	-1	713	1140
219	   1.2857	  11.4947	-1	608	1140
220	   6.4628	   4.2680	0	540	1140
221	  22.9726	   6.4623	0	540	1140
222	  20.1605	  14.4213	0	540	1140
223	   2.8470	   3.5751	0	540	1140
224	  13.1805	  22.6159	0	540	1140
225	  12.1341	  12.3314	0	540	1140
226	  14.3916	   7.5180	0	540	1140
227	  22.4536	   8.0362	0	540	1140
