7	5	20	60
0	   6.3128	   9.5812	3	829	829
1	   5.7572	  20.1070	3	855	855
2	  20.5898	  21.0376	3	881	881
3	   5.3972	   9.6403	3	806	806
4	  19.1231	   1.6127	3	1020	1020
5	  24.4919	   2.7405	3	873	873
6	   5.9623	   4.2166	3	603	603
7	  13.0603	  20.8089	3	844	844
8	   3.9013	   0.4385	3	892	892
9	  10.0518	  10.7330	3	893	893
10	  15.6445	  23.8150	3	639	639
11	  20.5621	  15.7931	3	749	749
12	   2.9741	  11.1520	3	877	877
13	   6.6627	   1.4351	3	771	771
14	   2.9944	  12.4198	3	871	871
15	  21.5420	  23.5842	3	641	641
16	   8.4574	   1.9393	3	895	895
17	   8.2245	   2.5805	3	560	560
18	   3.5520	   7.7164	3	837	837
19	   5.3209	   9.5143	3	896	896
20	   6.6900	   9.4251	-3	829	829
21	   4.0763	  21.1456	-3	855	855
22	  21.5858	  20.6856	-3	881	881
23	   5.4236	  11.1229	-3	806	806
24	  19.1341	   1.2989	-3	1020	1020
25	  24.4753	   0.8804	-3	873	873
26	   6.6187	   5.2048	-3	603	603
27	  12.7412	  19.9166	-3	844	844
28	   3.3474	   0.5819	-3	892	892
29	  10.4060	   8.8806	-3	893	893
30	  15.3764	  24.7558	-3	639	639
31	  20.7879	  15.9149	-3	749	749
32	   3.9431	  11.2513	-3	877	877
33	   7.7080	   3.0134	-3	771	771
34	   3.4405	  12.8171	-3	871	871
35	  20.8066	  24.8155	-3	641	641
36	   9.0951	   2.3471	-3	895	895
37	   8.8501	   2.9784	-3	560	560
38	   4.7145	   7.1975	-3	837	837
39	   4.0691	  10.8948	-3	896	896
40	  11.9330	  18.3812	1	835	895
41	   5.3232	  11.4083	1	885	945
42	  19.2616	   9.2246	1	619	679
43	  11.8468	   4.3134	1	784	844
44	  19.9576	   2.4913	1	611	671
45	   3.1284	  15.5197	1	542	602
46	  18.2845	   6.1025	1	944	1004
47	   1.6717	  13.4067	1	871	931
48	  24.5157	   8.3344	1	590	650
49	  20.7542	  11.3838	1	850	910
50	   1.0943	   4.2116	1	692	752
51	  13.3230	   9.3188	1	990	1050
52	   6.7920	  16.8750	1	827	887
53	  17.0351	  12.1129	1	635	695
54	   1.3893	   3.9681	1	618	678
55	   5.4942	   6.7126	1	867	927
56	  15.9372	   2.2232	1	758	818
57	  13.3000	   3.0862	1	934	994
58	  11.4056	  12.8157	1	903	963
59	  15.3258	   7.1747	1	783	843
60	  12.6312	  16.4202	1	827	887
61	   0.7390	  18.1783	1	923	983
62	  17.8292	  17.7741	1	722	782
63	   5.2913	  19.2186	1	725	785
64	  10.5412	  16.8684	1	746	806
65	   2.7631	  19.0563	1	605	665
66	  21.8078	   4.1776	1	658	718
67	  17.0552	  10.1078	1	992	1052
68	   7.2638	   3.4609	1	575	635
69	  22.9235	  18.6843	1	915	975
70	   4.7082	  13.2494	1	920	980
71	   4.6696	  12.2453	1	802	862
72	  18.2936	   5.4085	1	790	850
73	  23.1826	  10.7149	1	1000	1060
74	  21.5003	   6.2726	1	576	636
75	   7.0435	   7.0415	1	862	922
76	  23.1410	  21.3853	1	1002	1062
77	  15.4416	  18.4597	1	913	973
78	  10.9577	   1.4911	1	723	783
79	   6.0298	  15.6659	1	583	643
80	  12.4218	  23.0011	1	753	813
81	  10.2726	  17.7632	1	807	867
82	  24.0359	  24.9695	1	563	623
83	  13.8144	  22.1769	1	972	1032
84	   3.9259	   3.1628	1	902	962
85	  19.2931	   7.4934	1	573	633
86	   8.9845	  21.5380	1	762	822
87	   3.4268	   3.9220	1	583	643
88	  18.1350	  22.5609	1	967	1027
89	  22.1186	  17.6427	1	655	715
90	  15.9546	   7.3912	1	826	886
91	  17.0011	  17.3705	1	785	845
92	  19.9088	  12.4617	1	568	628
93	   7.5734	  23.3356	1	1008	1068
94	  16.3837	   0.7084	1	902	962
95	  14.2473	   9.6165	1	707	767
96	   0.4063	  24.6532	1	1005	1065
97	  18.4971	  14.5703	1	550	610
98	  20.4135	  24.5531	1	689	749
99	   7.0763	  21.5557	1	571	631
100	  11.0147	  18.2650	-1	904	1140
101	   3.5675	  12.3455	-1	953	1140
102	  19.2582	   7.6891	-1	685	1140
103	  13.4446	   4.6998	-1	851	1140
104	  21.6519	   0.9041	-1	680	1140
105	   3.7814	  13.7774	-1	612	1140
106	  17.6744	   6.0674	-1	1012	1140
107	   0.9312	  12.1186	-1	939	1140
108	  24.1230	   8.7596	-1	657	1140
109	  21.7422	  10.7854	-1	919	1140
110	   2.7627	   4.3014	-1	762	1140
111	  14.1640	   9.4418	-1	1057	1140
112	   6.8632	  17.5481	-1	896	1140
113	  16.7908	  14.0559	-1	702	1140
114	   1.6468	   2.3924	-1	685	1140
115	   5.0817	   7.4968	-1	934	1140
116	  15.8062	   1.6971	-1	826	1140
117	  11.3863	   0.9542	-1	1002	1140
118	  14.3418	  14.6104	-1	971	1140
119	  14.7404	   6.8888	-1	850	1140
120	  14.4807	  16.3284	-1	894	1140
121	   1.6575	  18.0858	-1	991	1140
122	  18.6619	  18.0152	-1	790	1140
123	   8.0053	  19.4100	-1	792	1140
124	   9.5944	  17.1892	-1	812	1140
125	   0.8590	  17.3394	-1	674	1140
126	  23.3639	   3.2761	-1	727	1140
127	  16.5450	   8.8485	-1	1059	1140
128	   7.3012	   4.5651	-1	641	1140
129	  22.1776	  20.5658	-1	985	1140
130	   5.5175	  13.9684	-1	994	1140
131	   7.8625	  11.2943	-1	874	1140
132	  17.9260	   6.7729	-1	857	1140
133	  22.5664	  11.4894	-1	1070	1140
134	  19.8913	   6.2377	-1	644	1140
135	   7.5520	   5.9934	-1	930	1140
136	  24.8640	  23.3708	-1	1072	1140
137	  16.4895	  19.0281	-1	980	1140
138	   9.8255	   0.9898	-1	793	1140
139	   8.8030	  17.0896	-1	649	1140
140	  10.8474	  23.2279	-1	819	1140
141	  11.6487	  19.4312	-1	876	1140
142	  20.8965	  21.6046	-1	632	1140
143	  13.7565	  23.5412	-1	1039	1140
144	   4.3417	   0.5679	-1	971	1140
145	  19.9817	   5.4389	-1	641	1140
146	   9.6217	  20.6912	-1	831	1140
147	   0.8552	   1.7424	-1	654	1140
148	  16.9283	  23.6540	-1	1038	1140
149	  18.9135	  16.8882	-1	724	1140
150	  15.6396	   8.3351	-1	892	1140
151	  17.5487	  15.7138	-1	851	1140
152	  19.2541	  12.7350	-1	634	1140
153	   6.6040	  22.4459	-1	1074	1140
154	  17.9522	   1.7060	-1	968	1140
155	  15.0178	   7.9260	-1	773	1140
156	   6.2999	  22.7076	-1	1071	1140
157	  20.1540	  17.5201	-1	616	1140
158	  16.7914	  24.9782	-1	755	1140
159	  11.3201	  19.1642	-1	637	1140
160	  24.8185	  24.5577	0	540	1140
161	  23.2566	  19.2541	0	540	1140
162	  16.7428	  12.1336	0	540	1140
163	  21.3548	  10.4662	0	540	1140
164	  21.5199	  23.1976	0	540	1140
165	  18.4299	  10.2685	0	540	1140
166	  20.9167	  23.7250	0	540	1140
