5	5	20	60
0	  13.6828	   6.0209	3	690	690
1	  23.5001	  21.1429	3	685	685
2	  17.7102	  24.0191	3	674	674
3	  13.3276	  20.8571	3	892	892
4	   8.6956	  12.7202	3	872	872
5	   6.2788	  17.4942	3	861	861
6	  18.2618	   2.8354	3	668	668
7	  20.7161	  16.3467	3	623	623
8	   9.8789	   7.5473	3	858	858
9	   7.9162	  23.3133	3	805	805
10	  14.9726	  24.5031	3	969	969
11	  24.6910	  12.1490	3	668	668
12	  12.5560	  16.1939	3	568	568
13	  22.2147	  19.5507	3	754	754
14	  18.5698	  10.7094	3	570	570
15	  10.7820	   2.2654	3	619	619
16	  23.4295	  18.5189	3	582	582
17	   1.0892	   4.7084	3	744	744
18	  11.0131	  22.0490	3	818	818
19	  20.6216	   9.7634	3	814	814
20	  13.0661	   4.1854	-3	690	690
21	  23.2706	  20.4944	-3	685	685
22	  18.7798	  22.0904	-3	674	674
23	  14.8666	  20.4808	-3	892	892
24	   8.6107	  13.4461	-3	872	872
25	   3.8285	  18.4151	-3	861	861
26	  21.0506	   1.2388	-3	668	668
27	  22.3818	  14.9249	-3	623	623
28	  11.9687	   6.3732	-3	858	858
29	   7.2168	  22.7164	-3	805	805
30	  13.3581	  24.4846	-3	969	969
31	  24.8845	  13.7423	-3	668	668
32	  12.3758	  17.1634	-3	568	568
33	  23.1586	  20.3175	-3	754	754
34	  18.4615	  10.1093	-3	570	570
35	  10.9293	   2.2504	-3	619	619
36	  23.6428	  17.3757	-3	582	582
37	   1.5981	   3.9498	-3	744	744
38	   9.8478	  23.3564	-3	818	818
39	  20.9861	   8.9947	-3	814	814
40	  21.2896	   3.5378	1	655	715
41	   8.0767	  11.2622	1	776	836
42	   3.0409	   7.7676	1	621	681
43	  23.4113	  15.5969	1	995	1055
44	  23.9615	  19.4619	1	754	814
45	  16.8357	  21.1762	1	859	919
46	  14.0126	  14.2175	1	759	819
47	  11.1011	   7.5824	1	814	874
48	  24.9269	  21.8831	1	686	746
49	  15.4020	  10.9370	1	866	926
50	   3.0648	   1.4151	1	711	771
51	   7.9861	  21.0910	1	626	686
52	   5.6900	   7.8706	1	953	1013
53	   9.8333	   1.3116	1	745	805
54	  17.6339	   6.1229	1	940	1000
55	  23.4872	   7.4397	1	787	847
56	  10.2583	  15.3229	1	916	976
57	   3.6160	  24.2709	1	941	1001
58	   4.5404	  14.7171	1	731	791
59	   6.8532	   4.4673	1	607	667
60	  11.6003	  16.7010	1	796	856
61	   2.8237	   2.0023	1	872	932
62	   2.6381	   5.8884	1	595	655
63	   3.4173	  10.6242	1	924	984
64	   1.9794	   9.1073	1	726	786
65	  18.4947	  11.8127	1	638	698
66	  10.4189	  11.1286	1	745	805
67	  17.9356	  15.2683	1	810	870
68	  11.8392	  10.3208	1	672	732
69	   1.1172	  21.6458	1	964	1024
70	   2.7572	  11.3755	1	875	935
71	  20.9764	   7.6906	1	719	779
72	   9.2007	  23.8001	1	730	790
73	   9.6929	  11.8387	1	888	948
74	   4.6885	  13.1102	1	704	764
75	  22.9048	  13.9255	1	877	937
76	  21.7371	  21.0634	1	737	797
77	   9.2430	  22.8543	1	923	983
78	  17.7092	  12.0002	1	613	673
79	   9.2298	   4.6779	1	815	875
80	  15.9634	   6.8472	1	711	771
81	  19.9575	   5.8781	1	784	844
82	   2.3198	  17.1751	1	833	893
83	  24.8116	  23.9220	1	654	714
84	  12.8474	   3.9539	1	990	1050
85	  16.1670	   2.4640	1	764	824
86	   5.9143	  12.3540	1	902	962
87	  20.9293	  23.2819	1	828	888
88	  16.1327	  15.8868	1	627	687
89	  24.9177	  21.4698	1	555	615
90	   9.8555	   2.2319	1	895	955
91	  10.8587	  18.9461	1	883	943
92	  13.2700	   2.0256	1	887	947
93	  21.4100	  19.1843	1	951	1011
94	  12.4744	  18.8969	1	730	790
95	   2.4198	   2.3411	1	1005	1065
96	  14.3777	  23.3491	1	981	1041
97	   5.7787	  13.2159	1	935	995
98	  22.2631	   0.6112	1	738	798
99	  23.0149	  18.6732	1	575	635
100	  20.1063	   1.2291	-1	724	1140
101	   7.7798	  10.2339	-1	844	1140
102	   5.5202	   7.8174	-1	687	1140
103	  22.2176	  15.9576	-1	1062	1140
104	  21.8357	  20.8005	-1	823	1140
105	  18.3734	  19.8762	-1	929	1140
106	  13.3024	  16.0993	-1	827	1140
107	  10.4441	   8.0329	-1	882	1140
108	  24.9659	  22.3148	-1	753	1140
109	  14.3796	  13.3377	-1	935	1140
110	   4.2422	   5.3205	-1	781	1140
111	   8.4152	  20.6519	-1	693	1140
112	   6.4330	  10.4975	-1	1022	1140
113	   9.8657	   1.1088	-1	812	1140
114	  15.6093	   8.2854	-1	1007	1140
115	  21.7066	   5.6213	-1	854	1140
116	  10.7467	  17.1485	-1	984	1140
117	   0.2741	  24.6120	-1	1009	1140
118	   5.5898	  12.7651	-1	799	1140
119	   4.5033	   5.2841	-1	674	1140
120	  10.6464	  16.5091	-1	863	1140
121	   0.3527	   3.7209	-1	940	1140
122	   5.6486	   7.7820	-1	663	1140
123	   1.8082	  11.4890	-1	991	1140
124	   0.9309	  12.2146	-1	792	1140
125	  18.1972	  12.5043	-1	707	1140
126	   9.0906	  11.0381	-1	814	1140
127	  16.5063	  15.3336	-1	877	1140
128	   9.6856	  10.7609	-1	738	1140
129	   1.4920	  23.0438	-1	1034	1140
130	   2.0862	  11.4163	-1	949	1140
131	  22.4629	   6.6679	-1	791	1140
132	   9.6110	  20.6691	-1	797	1140
133	   9.9610	   9.2141	-1	958	1140
134	   3.7352	  13.4284	-1	772	1140
135	  21.1870	  14.4637	-1	945	1140
136	  22.1544	  21.5765	-1	807	1140
137	   7.5119	  23.5381	-1	990	1140
138	  19.7955	  12.3945	-1	683	1140
139	   8.0618	   0.9957	-1	881	1140
140	  14.2530	   7.8734	-1	777	1140
141	  23.1710	   8.0661	-1	853	1140
142	   4.1600	  18.4525	-1	902	1140
143	  23.2640	  24.0308	-1	721	1140
144	  14.2359	   4.7830	-1	1059	1140
145	  12.0071	   2.8782	-1	832	1140
146	   6.6809	  16.2734	-1	971	1140
147	  22.9860	  24.4990	-1	899	1140
148	  16.4588	  14.4877	-1	698	1140
149	  23.9629	  22.2977	-1	624	1140
150	   5.1711	   5.6964	-1	961	1140
151	  12.3412	  20.9893	-1	949	1140
152	  12.2563	   7.3639	-1	953	1140
153	  18.2874	  18.6982	-1	1017	1140
154	  13.6945	  19.1681	-1	796	1140
155	   0.6229	   5.5104	-1	1071	1140
156	  16.3653	  20.5338	-1	1047	1140
157	   6.2914	   9.4307	-1	1001	1140
158	  22.3581	   2.0483	-1	804	1140
159	  21.1056	  14.3802	-1	641	1140
160	   3.5129	  21.8287	0	540	1140
161	   7.7369	  23.8238	0	540	1140
162	  19.1451	   9.8316	0	540	1140
163	  10.5237	   1.1902	0	540	1140
164	  17.3851	   7.8903	0	540	1140
