8	5	50	50
0	  14.2403	  21.8766	3	676	676
1	  19.9427	   7.4892	3	757	757
2	   1.6727	   8.8776	3	918	918
3	   6.1041	   9.7010	3	1018	1018
4	  11.7531	  21.4848	3	950	950
5	  17.6813	  15.4457	3	898	898
6	  11.4918	  19.8401	3	878	878
7	  24.4119	  18.9240	3	713	713
8	   3.6538	   4.1217	3	716	716
9	  18.3258	   6.8824	3	562	562
10	  14.3179	  19.5120	3	775	775
11	   8.3310	  13.3537	3	881	881
12	  16.8670	  14.4182	3	929	929
13	   6.7733	  13.8284	3	637	637
14	   6.3694	   6.2939	3	1012	1012
15	  14.8529	  20.6097	3	712	712
16	   3.1705	   9.7956	3	975	975
17	  18.6731	   9.2029	3	763	763
18	  14.5442	   5.4263	3	724	724
19	   5.6878	   7.2256	3	603	603
20	   2.0656	  20.2840	3	844	844
21	  11.1036	   5.7195	3	1038	1038
22	  24.4057	   4.4294	3	824	824
23	  12.6019	  13.7236	3	918	918
24	  23.9414	  20.9329	3	677	677
25	   2.0773	  15.8084	3	563	563
26	   4.6367	  16.7206	3	725	725
27	  15.1445	  19.4896	3	835	835
28	  12.3303	  18.3149	3	926	926
29	  23.1581	  22.9583	3	1004	1004
30	  24.6321	  12.7024	3	797	797
31	   3.3846	   5.3199	3	562	562
32	  19.9280	  24.2566	3	721	721
33	  13.0324	  15.3150	3	1027	1027
34	  11.2479	   9.7471	3	893	893
35	   2.7821	  21.5990	3	983	983
36	  13.3196	   8.7422	3	757	757
37	   1.9085	   0.6499	3	731	731
38	  16.0790	   0.2152	3	657	657
39	   4.1520	  15.7111	3	913	913
40	  12.9176	   7.5366	3	733	733
41	   6.7933	  18.5304	3	872	872
42	   4.8391	   1.3338	3	755	755
43	   2.1334	   7.5522	3	974	974
44	  20.2800	  15.1658	3	949	949
45	  22.8671	   2.9499	3	599	599
46	   2.1396	   9.1150	3	647	647
47	  12.6970	   4.9217	3	756	756
48	   5.7140	   6.2947	3	675	675
49	  15.0368	  14.2491	3	811	811
50	  13.3712	  21.9266	-3	676	676
51	  21.0310	   7.8456	-3	757	757
52	   2.8762	  10.3433	-3	918	918
53	   7.2769	  10.4519	-3	1018	1018
54	  10.8438	  20.1737	-3	950	950
55	  16.5323	  15.5606	-3	898	898
56	  12.1467	  19.1544	-3	878	878
57	  21.6009	  18.1579	-3	713	713
58	   3.0989	   4.8432	-3	716	716
59	  18.5977	   7.4189	-3	562	562
60	  14.3475	  19.6885	-3	775	775
61	   7.6698	  11.9738	-3	881	881
62	  15.1337	  14.5300	-3	929	929
63	   7.9112	  13.6846	-3	637	637
64	   7.3806	   5.7273	-3	1012	1012
65	  14.7631	  19.3190	-3	712	712
66	   3.6345	   7.7769	-3	975	975
67	  19.5406	   8.6030	-3	763	763
68	  12.6240	   5.5740	-3	724	724
69	   5.5062	   8.4113	-3	603	603
70	   1.4693	  20.4125	-3	844	844
71	  12.5305	   6.0302	-3	1038	1038
72	  23.5501	   5.0250	-3	824	824
73	  10.6788	  14.5971	-3	918	918
74	  24.5168	  17.2468	-3	677	677
75	   3.9085	  14.7744	-3	563	563
76	   4.7167	  17.4704	-3	725	725
77	  13.6043	  21.2092	-3	835	835
78	  12.6151	  20.6880	-3	926	926
79	  22.4994	  21.9936	-3	1004	1004
80	  24.1345	  11.9368	-3	797	797
81	   2.0571	   6.1937	-3	562	562
82	  21.8999	  24.6587	-3	721	721
83	  13.0723	  13.9247	-3	1027	1027
84	  13.4884	  10.4739	-3	893	893
85	   3.6968	  19.2639	-3	983	983
86	  12.1747	   9.2403	-3	757	757
87	   2.1292	   1.6934	-3	731	731
88	  16.9853	   1.8769	-3	657	657
89	   4.2997	  12.8930	-3	913	913
90	  12.6395	   6.9199	-3	733	733
91	   5.2354	  18.5535	-3	872	872
92	   6.2983	   0.3762	-3	755	755
93	   3.5593	   7.3731	-3	974	974
94	  19.5273	  16.8869	-3	949	949
95	  20.8509	   3.3443	-3	599	599
96	   4.6081	   9.4365	-3	647	647
97	  13.6642	   6.5276	-3	756	756
98	   3.0843	   7.3164	-3	675	675
99	  15.3956	  13.1598	-3	811	811
100	  19.6835	  17.0939	1	962	1022
101	  20.4428	  10.7625	1	649	709
102	  17.3092	  24.5948	1	701	761
103	   1.4737	   5.2268	1	916	976
104	  16.0351	  17.9115	1	980	1040
105	   8.3343	  23.3308	1	920	980
106	   7.4458	   1.1854	1	709	769
107	  14.6108	  12.4281	1	675	735
108	  12.0230	  14.1131	1	635	695
109	   8.0792	   2.6528	1	595	655
110	  18.1305	  23.3377	1	641	701
111	  20.8213	  18.5941	1	544	604
112	  16.9249	  22.3647	1	990	1050
113	  14.6294	  24.3707	1	892	952
114	   7.7612	  19.7239	1	671	731
115	   3.5471	  24.7466	1	683	743
116	   0.0778	  24.1977	1	726	786
117	  23.3535	  12.2245	1	649	709
118	  18.3521	   9.9712	1	656	716
119	  12.4435	   1.4313	1	645	705
120	  24.7690	   8.4453	1	742	802
121	  24.1681	   8.6453	1	900	960
122	   6.0101	   2.2303	1	999	1059
123	  15.4637	   4.5602	1	709	769
124	  10.5904	  15.0166	1	546	606
125	  22.7181	  14.1374	1	760	820
126	   1.1355	   1.9128	1	949	1009
127	  20.9189	  24.5081	1	613	673
128	   7.9534	  11.7832	1	1006	1066
129	   4.3333	  20.5543	1	686	746
130	  14.9035	   5.0399	1	596	656
131	  21.3341	   0.4939	1	958	1018
132	  14.6313	   9.8196	1	795	855
133	  11.7575	  16.9305	1	758	818
134	   5.9384	   3.2996	1	864	924
135	   5.3368	   3.3208	1	765	825
136	   1.5529	   3.5677	1	600	660
137	  16.4436	   5.3104	1	965	1025
138	  15.6196	   3.2011	1	832	892
139	  16.0941	  16.0842	1	696	756
140	  21.8115	  24.7550	1	953	1013
141	  19.0692	  15.1413	1	933	993
142	   3.5479	   9.6888	1	632	692
143	  15.7315	  16.4884	1	933	993
144	  10.4473	   5.9671	1	748	808
145	   2.5256	  11.7017	1	764	824
146	   9.9393	  23.0370	1	606	666
147	  10.7587	   2.0546	1	934	994
148	   0.4269	  22.1874	1	805	865
149	  11.7175	  21.4780	1	722	782
150	  20.0565	  19.0522	-1	1028	1140
151	  19.8337	   8.9385	-1	715	1140
152	  15.2356	  23.6454	-1	767	1140
153	   1.7743	   2.0469	-1	982	1140
154	  15.2585	  18.1685	-1	1046	1140
155	   9.9931	  22.9159	-1	986	1140
156	   7.4801	   2.7362	-1	775	1140
157	  14.2761	  12.3339	-1	741	1140
158	  11.0461	  14.4218	-1	701	1140
159	   7.2953	   1.9378	-1	661	1140
160	  18.5536	  21.6855	-1	707	1140
161	  21.7032	  15.4225	-1	610	1140
162	  16.8731	  23.4248	-1	1056	1140
163	  16.0047	  24.8510	-1	958	1140
164	   9.1785	  21.5242	-1	737	1140
165	   4.0827	  23.9786	-1	749	1140
166	   3.6940	  21.6192	-1	792	1140
167	  23.9876	  13.1887	-1	715	1140
168	  17.2057	  10.1625	-1	722	1140
169	  11.6796	   5.6701	-1	711	1140
170	  21.6557	  10.1900	-1	808	1140
171	  20.7216	   7.7057	-1	966	1140
172	   7.2553	   2.9942	-1	1065	1140
173	  17.5791	   6.3832	-1	775	1140
174	   8.3043	  15.5016	-1	612	1140
175	  21.2389	  15.2019	-1	826	1140
176	   3.9678	   1.2233	-1	1015	1140
177	  18.8433	  23.8973	-1	679	1140
178	  11.7401	  10.5652	-1	1072	1140
179	   3.3079	  18.7521	-1	752	1140
180	  19.1434	   6.1492	-1	662	1140
181	  22.8433	   0.3757	-1	1024	1140
182	  16.3646	  13.4872	-1	861	1140
183	   7.9484	  18.3433	-1	824	1140
184	   7.3839	   1.2660	-1	930	1140
185	   5.4034	   3.5915	-1	831	1140
186	   4.0616	   6.6240	-1	666	1140
187	  19.6504	   5.8938	-1	1031	1140
188	  12.1580	   0.9861	-1	898	1140
189	  16.7457	  13.1509	-1	762	1140
190	  22.5878	  23.8488	-1	1021	1140
191	  17.5514	  13.2979	-1	1002	1140
192	   6.0385	   9.3648	-1	700	1140
193	  16.9188	  17.8877	-1	1000	1140
194	   7.8159	   8.1836	-1	814	1140
195	   0.2219	  12.8004	-1	833	1140
196	   7.7045	  22.5105	-1	674	1140
197	  16.6091	   2.1965	-1	1003	1140
198	   0.9527	  23.5013	-1	872	1140
199	  14.2118	  22.1302	-1	793	1140
200	  22.5841	   5.8273	0	540	1140
201	  18.8166	  23.4747	0	540	1140
202	  23.3326	   5.6589	0	540	1140
203	  11.8558	   3.8347	0	540	1140
204	   5.4490	   3.4261	0	540	1140
205	   7.2051	  18.2751	0	540	1140
206	   7.1315	  22.5046	0	540	1140
207	   4.9457	  21.9921	0	540	1140
