7	5	50	40
0	   8.6660	  11.6012	3	883	883
1	   0.7659	  13.9479	3	837	837
2	  12.1625	   6.3796	3	1024	1024
3	   7.6874	  24.0100	3	638	638
4	  11.7944	  23.5767	3	919	919
5	   7.0325	  10.9118	3	628	628
6	   3.6836	  23.8720	3	993	993
7	  10.4497	  16.0486	3	906	906
8	   6.1689	  14.7173	3	717	717
9	  15.3998	  14.2408	3	991	991
10	  21.4114	   8.2261	3	989	989
11	  16.5581	   2.3725	3	799	799
12	  17.1943	  16.5232	3	940	940
13	   3.9977	   4.3568	3	683	683
14	   3.3668	  23.4598	3	933	933
15	   1.0730	   0.7202	3	573	573
16	   6.7552	  11.5227	3	660	660
17	   1.2401	   7.1686	3	726	726
18	  15.3948	  21.1091	3	716	716
19	  23.7193	  18.9964	3	981	981
20	   1.2048	  15.2774	3	745	745
21	  21.3689	  18.3991	3	756	756
22	   6.8007	   0.3666	3	649	649
23	  22.7560	   4.7035	3	724	724
24	  12.0517	   1.1228	3	744	744
25	   3.1633	  12.9024	3	803	803
26	  16.2840	   0.1999	3	839	839
27	  20.7856	  17.3570	3	939	939
28	   3.8798	  17.6889	3	600	600
29	  15.4649	   5.1198	3	797	797
30	  24.8575	  17.6298	3	825	825
31	  13.7390	   5.2946	3	924	924
32	  23.1691	  12.4583	3	594	594
33	  24.2910	  24.3739	3	809	809
34	   2.7357	  20.6599	3	1002	1002
35	  17.7731	   9.5364	3	825	825
36	  21.0266	  15.5290	3	749	749
37	  14.2398	   8.0783	3	955	955
38	  16.6518	  17.4032	3	691	691
39	   0.2928	  18.5231	3	906	906
40	  19.3072	   4.1726	3	779	779
41	  11.2120	   9.7721	3	993	993
42	   3.5991	  16.6494	3	666	666
43	  23.8648	   6.3348	3	679	679
44	  15.8712	   8.3359	3	988	988
45	   7.1669	   5.1110	3	911	911
46	  16.4142	  23.8187	3	564	564
47	   6.7545	  15.1172	3	608	608
48	   4.1612	   7.0473	3	597	597
49	   8.6403	  23.4683	3	720	720
50	   8.6978	  11.4303	-3	883	883
51	   0.5570	  14.1656	-3	837	837
52	  12.5504	   6.3325	-3	1024	1024
53	   7.5528	  23.3685	-3	638	638
54	  10.5504	  22.1110	-3	919	919
55	   6.7500	  10.6322	-3	628	628
56	   2.1863	  23.4098	-3	993	993
57	  12.3093	  16.6378	-3	906	906
58	   5.2630	  13.5499	-3	717	717
59	  16.4651	  14.0052	-3	991	991
60	  22.0366	   7.8832	-3	989	989
61	  16.1532	   3.6935	-3	799	799
62	  16.3950	  17.1438	-3	940	940
63	   4.5381	   4.4624	-3	683	683
64	   1.9923	  24.0867	-3	933	933
65	   0.9201	   2.5408	-3	573	573
66	   5.8770	  12.7505	-3	660	660
67	   1.5464	   9.0044	-3	726	726
68	  13.7876	  23.0220	-3	716	716
69	  22.3125	  20.0793	-3	981	981
70	   1.3217	  16.1408	-3	745	745
71	  21.3217	  17.0486	-3	756	756
72	   6.5448	   0.1382	-3	649	649
73	  20.9776	   4.9217	-3	724	724
74	  13.3138	   2.6840	-3	744	744
75	   2.4019	  12.0637	-3	803	803
76	  18.3255	   2.2101	-3	839	839
77	  19.0837	  17.2635	-3	939	939
78	   2.9746	  18.3159	-3	600	600
79	  15.3032	   5.1414	-3	797	797
80	  24.1423	  15.4149	-3	825	825
81	  13.6171	   4.7514	-3	924	924
82	  22.5142	  12.3949	-3	594	594
83	  22.0416	  23.1828	-3	809	809
84	   2.4625	  20.3811	-3	1002	1002
85	  17.3179	  10.2625	-3	825	825
86	  20.6628	  13.6590	-3	749	749
87	  16.4091	   9.6778	-3	955	955
88	  17.6030	  16.7663	-3	691	691
89	   0.9628	  16.7205	-3	906	906
90	  18.6371	   4.8378	-3	779	779
91	  10.7988	   9.0943	-3	993	993
92	   4.8798	  16.9630	-3	666	666
93	  23.9319	   5.2048	-3	679	679
94	  17.0435	   7.5519	-3	988	988
95	   7.6057	   5.7697	-3	911	911
96	  14.5054	  24.1101	-3	564	564
97	   5.5521	  16.1766	-3	608	608
98	   3.8539	   6.1863	-3	597	597
99	   9.3584	  21.4077	-3	720	720
100	   8.2404	  20.5123	1	702	762
101	   7.5761	   7.2435	1	574	634
102	   1.7831	  24.9344	1	718	778
103	   6.7343	   5.3823	1	591	651
104	  16.5838	   5.5991	1	788	848
105	  22.2369	   2.5883	1	915	975
106	  12.2291	   4.4038	1	657	717
107	   7.6993	   3.6433	1	779	839
108	   3.2224	   5.2135	1	616	676
109	  18.6677	   3.2441	1	917	977
110	  23.8233	   1.9081	1	789	849
111	   6.2669	  18.7230	1	571	631
112	  19.7158	  22.8508	1	983	1043
113	   1.7440	  21.5590	1	975	1035
114	  21.9340	   8.6545	1	561	621
115	  14.1621	  17.2647	1	828	888
116	  21.2358	  22.5216	1	611	671
117	   9.4304	  20.0591	1	590	650
118	  24.4297	   8.1869	1	643	703
119	  24.8042	  11.9801	1	624	684
120	  14.5194	  11.7928	1	917	977
121	   1.3968	  11.4837	1	784	844
122	   3.2042	   1.9705	1	809	869
123	  12.0005	  11.3237	1	925	985
124	  19.5106	   8.5020	1	753	813
125	  23.4104	   9.0300	1	597	657
126	  20.2948	  24.7241	1	1008	1068
127	   4.8163	   0.8106	1	797	857
128	   5.6484	  23.2161	1	828	888
129	  18.8344	   7.0453	1	955	1015
130	   9.6998	   3.1886	1	850	910
131	   9.4049	  12.9039	1	990	1050
132	   5.1591	  15.9497	1	921	981
133	  13.0421	  15.7841	1	558	618
134	  11.6566	   5.4450	1	973	1033
135	   3.6938	  19.3843	1	699	759
136	   1.8283	   8.2306	1	865	925
137	   7.3888	  22.5819	1	552	612
138	  20.4371	   6.4438	1	871	931
139	  11.8888	   4.9131	1	942	1002
140	   7.8314	  18.9695	-1	768	1140
141	   7.3813	   6.2380	-1	640	1140
142	   1.5746	  23.3625	-1	784	1140
143	   5.6189	   6.4942	-1	657	1140
144	  17.1903	   4.1394	-1	854	1140
145	  23.4066	   2.5405	-1	981	1140
146	  11.5962	   4.9418	-1	723	1140
147	   6.3009	   3.8976	-1	845	1140
148	   3.7069	   4.4874	-1	682	1140
149	  17.6164	   4.1852	-1	983	1140
150	  23.5207	   1.7944	-1	855	1140
151	   7.6972	  18.6267	-1	637	1140
152	  20.7417	  22.8560	-1	1049	1140
153	   1.9811	  22.6802	-1	1041	1140
154	  22.5961	   7.4672	-1	627	1140
155	  11.3756	  14.5051	-1	894	1140
156	  21.3874	  23.0615	-1	677	1140
157	  10.6250	  20.7070	-1	656	1140
158	  24.2596	   7.8629	-1	709	1140
159	  24.9645	  10.9578	-1	690	1140
160	  12.9452	  11.8214	-1	983	1140
161	   1.8933	  13.6387	-1	850	1140
162	   3.6590	   1.3894	-1	875	1140
163	  13.6246	  11.5662	-1	991	1140
164	  18.4017	   8.8660	-1	819	1140
165	  24.6501	   7.0937	-1	663	1140
166	  21.6115	  22.0823	-1	1074	1140
167	   5.4830	   3.2897	-1	863	1140
168	   6.3772	  22.9035	-1	894	1140
169	  20.0825	   5.4978	-1	1021	1140
170	   8.7540	   0.8704	-1	916	1140
171	   9.2864	  13.5741	-1	1056	1140
172	   7.2772	  17.0462	-1	987	1140
173	  11.3379	  13.0211	-1	624	1140
174	  11.2834	   2.1042	-1	1039	1140
175	   4.5019	  21.5761	-1	765	1140
176	   0.4923	   5.1536	-1	931	1140
177	   5.7886	  22.0173	-1	618	1140
178	  20.6436	   5.9725	-1	937	1140
179	   8.2975	   7.8404	-1	1008	1140
180	  12.4736	  18.4899	0	540	1140
181	   2.1649	  22.6515	0	540	1140
182	  16.4731	  18.2880	0	540	1140
183	   6.6839	  13.0372	0	540	1140
184	  11.9886	  14.3336	0	540	1140
185	   4.7202	  14.6065	0	540	1140
186	   5.5158	  21.0295	0	540	1140
