7	5	50	60
0	  15.0711	  23.4041	3	596	596
1	   3.7610	  20.2858	3	988	988
2	   0.8659	  10.9523	3	594	594
3	  10.5282	   4.4502	3	786	786
4	   2.6783	   7.6260	3	880	880
5	   9.3893	  19.7701	3	745	745
6	   7.2820	  21.4690	3	1039	1039
7	  21.1374	  13.2432	3	637	637
8	  14.2246	  20.0280	3	762	762
9	  24.6321	   1.8689	3	676	676
10	   5.4943	  14.7032	3	891	891
11	   0.2730	   9.2553	3	1025	1025
12	   9.9891	  19.8981	3	616	616
13	   3.7326	  10.8549	3	562	562
14	   5.8504	  11.6524	3	644	644
15	  19.1379	  16.3786	3	920	920
16	   7.2712	  18.7809	3	643	643
17	  15.0645	  16.6605	3	987	987
18	  13.1295	   9.6884	3	886	886
19	  20.2518	  24.8142	3	1019	1019
20	  10.0237	  15.5332	3	594	594
21	  24.3591	  17.6751	3	921	921
22	   1.4704	   9.3481	3	1014	1014
23	  12.5732	   5.2030	3	609	609
24	  16.8554	  14.3409	3	1034	1034
25	   9.8021	   7.9580	3	626	626
26	  21.7794	  17.0733	3	864	864
27	   1.7389	  11.8439	3	721	721
28	   8.7338	  15.2899	3	652	652
29	   9.1904	  21.8633	3	683	683
30	  24.9783	  19.7801	3	614	614
31	  11.8591	  20.2301	3	688	688
32	  19.5943	  21.8828	3	632	632
33	   6.5386	   3.1654	3	1000	1000
34	  23.5301	   5.8977	3	786	786
35	  20.8405	   0.0005	3	824	824
36	  15.2459	   8.4137	3	706	706
37	   5.2035	  10.4489	3	785	785
38	   1.8372	  22.0588	3	902	902
39	  24.7899	  11.6394	3	780	780
40	   5.0168	  21.5693	3	902	902
41	   3.7127	   6.7557	3	753	753
42	  22.0456	  17.6037	3	765	765
43	  12.3837	  21.1689	3	830	830
44	  17.2540	   6.9780	3	627	627
45	  18.0517	   3.0173	3	849	849
46	   6.1827	  11.8231	3	711	711
47	   5.4880	   2.0232	3	711	711
48	  10.4369	  17.0271	3	668	668
49	  14.0859	   5.9727	3	909	909
50	  13.5510	  22.3465	-3	596	596
51	   4.4683	  19.7355	-3	988	988
52	   1.8663	  10.5634	-3	594	594
53	  10.4138	   4.6213	-3	786	786
54	   1.5566	   7.7425	-3	880	880
55	   9.3015	  20.6688	-3	745	745
56	   7.6331	  22.0588	-3	1039	1039
57	  20.5514	  12.1820	-3	637	637
58	  13.3444	  20.3399	-3	762	762
59	  24.0939	   0.6352	-3	676	676
60	   5.0407	  14.9482	-3	891	891
61	   0.9075	   7.6674	-3	1025	1025
62	  10.5026	  20.4110	-3	616	616
63	   4.2825	  10.3167	-3	562	562
64	   6.1829	  12.2742	-3	644	644
65	  19.4631	  14.7250	-3	920	920
66	   7.3056	  19.1606	-3	643	643
67	  15.4484	  16.1184	-3	987	987
68	  11.9780	  10.0318	-3	886	886
69	  19.7706	  24.2125	-3	1019	1019
70	   9.3968	  15.2410	-3	594	594
71	  23.4704	  17.8999	-3	921	921
72	   2.7650	   9.6291	-3	1014	1014
73	  12.2492	   5.5511	-3	609	609
74	  18.1478	  14.1671	-3	1034	1034
75	   9.5701	   7.6627	-3	626	626
76	  21.3104	  16.0025	-3	864	864
77	   2.7871	  12.1719	-3	721	721
78	   8.6417	  14.0073	-3	652	652
79	   8.5837	  22.5606	-3	683	683
80	  23.9135	  19.1027	-3	614	614
81	  11.8236	  20.7339	-3	688	688
82	  21.0296	  22.3596	-3	632	632
83	   6.9573	   2.4716	-3	1000	1000
84	  24.8647	   4.5887	-3	786	786
85	  19.9095	   0.5261	-3	824	824
86	  15.4398	   9.1144	-3	706	706
87	   6.4564	  10.4812	-3	785	785
88	   2.5293	  23.1109	-3	902	902
89	  24.9377	  10.7239	-3	780	780
90	   4.5029	  23.0525	-3	902	902
91	   3.6419	   6.6427	-3	753	753
92	  23.0369	  18.6814	-3	765	765
93	  11.9777	  21.2061	-3	830	830
94	  16.9469	   8.3310	-3	627	627
95	  17.1724	   2.9101	-3	849	849
96	   6.3917	  12.9242	-3	711	711
97	   6.4847	   2.4811	-3	711	711
98	   9.9471	  17.8799	-3	668	668
99	  13.1541	   5.8939	-3	909	909
100	   2.5421	   2.6262	1	980	1040
101	   0.8584	  10.9553	1	804	864
102	  15.0727	  22.9041	1	810	870
103	  19.9280	  15.9427	1	877	937
104	  22.9208	  13.6031	1	645	705
105	  15.1993	  11.2138	1	724	784
106	  23.4053	   9.8605	1	923	983
107	  14.4153	   8.8422	1	622	682
108	  21.1164	  15.9735	1	717	777
109	  10.0762	   4.1130	1	717	777
110	   8.8388	  18.6273	1	785	845
111	  12.1113	   3.7668	1	773	833
112	  15.9488	   7.4908	1	646	706
113	  21.2657	   6.1481	1	789	849
114	  18.7046	   9.4591	1	1003	1063
115	   2.5301	  16.7415	1	912	972
116	   3.1405	   0.9354	1	754	814
117	   0.9239	   4.5394	1	901	961
118	  15.4740	   8.9064	1	770	830
119	  11.3088	  24.3128	1	788	848
120	   3.0796	  12.1038	1	1001	1061
121	   6.0828	  19.0284	1	952	1012
122	  10.1324	  20.6582	1	861	921
123	  19.3134	   4.5955	1	957	1017
124	   9.1348	   4.2212	1	942	1002
125	  18.8173	  24.6089	1	729	789
126	  13.1276	   5.1261	1	838	898
127	  23.9217	  15.6613	1	975	1035
128	  10.6588	  23.7853	1	682	742
129	  13.7335	   2.5546	1	979	1039
130	  22.3423	  21.2376	1	756	816
131	  12.0701	   2.2790	1	584	644
132	   6.5002	  24.3422	1	773	833
133	  20.8138	  19.6278	1	556	616
134	  10.2891	   8.0146	1	921	981
135	  21.7368	  13.0541	1	811	871
136	  13.9725	  21.0726	1	672	732
137	   3.4067	  12.8852	1	835	895
138	  11.7721	  17.1402	1	893	953
139	  16.5890	   5.2736	1	849	909
140	   7.5526	  22.2263	1	944	1004
141	   7.0239	   1.6950	1	600	660
142	   4.9167	  17.4377	1	612	672
143	   6.7744	   0.2824	1	982	1042
144	   1.8632	  22.2142	1	850	910
145	  20.5147	  20.3296	1	606	666
146	  17.5559	   4.5091	1	817	877
147	  17.1202	  14.1244	1	996	1056
148	   0.1870	   0.8008	1	967	1027
149	  15.1612	  15.6005	1	577	637
150	   2.7507	   1.7945	1	774	834
151	  19.2322	   7.2239	1	891	951
152	   9.0511	   9.1734	1	989	1049
153	   2.5615	  24.7533	1	557	617
154	  11.1832	   2.7486	1	838	898
155	  18.3490	  20.3247	1	853	913
156	  22.1192	   1.4644	1	746	806
157	   3.7672	  16.3514	1	598	658
158	   8.6883	   5.3238	1	751	811
159	  13.6549	   7.1188	1	820	880
160	   3.5463	   2.0013	-1	1046	1140
161	   0.1765	  13.2992	-1	870	1140
162	  13.1934	  21.3820	-1	876	1140
163	  19.4841	  14.5265	-1	943	1140
164	  24.0326	  12.7635	-1	711	1140
165	  15.0683	  12.7288	-1	790	1140
166	  22.6561	  10.9347	-1	989	1140
167	  14.3021	   8.0415	-1	688	1140
168	  23.9127	  15.6995	-1	783	1140
169	   9.7776	   3.4896	-1	783	1140
170	   8.0249	  18.8101	-1	851	1140
171	  11.8077	   2.7066	-1	839	1140
172	  16.0799	   9.4840	-1	712	1140
173	  20.4913	   4.7903	-1	855	1140
174	  17.8817	  12.1006	-1	1069	1140
175	   2.3524	  17.3905	-1	978	1140
176	   3.6281	   0.9858	-1	820	1140
177	   0.6690	   4.2385	-1	967	1140
178	  13.1508	   9.9534	-1	836	1140
179	  12.2364	  24.7998	-1	854	1140
180	   4.2600	   9.2388	-1	1067	1140
181	   6.3163	  18.8892	-1	1018	1140
182	  10.6521	  19.5548	-1	927	1140
183	  18.4075	   4.5658	-1	1023	1140
184	  10.0088	   4.3715	-1	1008	1140
185	  19.5179	  24.2246	-1	795	1140
186	  13.3778	   6.4139	-1	904	1140
187	  24.3240	  16.3388	-1	1041	1140
188	  11.9823	  21.9573	-1	748	1140
189	  14.5361	   2.3042	-1	1045	1140
190	  21.5685	  20.6779	-1	822	1140
191	  13.0083	   2.6773	-1	650	1140
192	   5.8041	  22.7944	-1	839	1140
193	  19.4452	  19.2001	-1	622	1140
194	   9.2387	   8.5912	-1	987	1140
195	  24.8641	  14.0529	-1	877	1140
196	  15.4135	  18.9698	-1	738	1140
197	   1.7311	  14.9754	-1	901	1140
198	  11.0214	  15.6372	-1	959	1140
199	  16.7015	   3.6591	-1	915	1140
200	   6.0106	  23.2528	-1	1012	1140
201	   6.0473	   1.2864	-1	669	1140
202	   3.5861	  18.0639	-1	680	1140
203	   4.6450	   3.0673	-1	1049	1140
204	   0.5569	  21.0998	-1	916	1140
205	  18.6860	  19.3827	-1	675	1140
206	  19.6363	   6.0277	-1	885	1140
207	  13.9552	  14.4992	-1	1065	1140
208	   0.5541	   1.3444	-1	1034	1140
209	  13.7015	  16.4016	-1	648	1140
210	   5.7609	   4.2304	-1	842	1140
211	  19.1408	   4.6500	-1	958	1140
212	   9.2382	   9.4630	-1	1058	1140
213	   0.8565	  24.9937	-1	625	1140
214	  10.4143	   1.9246	-1	907	1140
215	  17.5409	  21.0209	-1	919	1140
216	  20.2082	   0.3776	-1	814	1140
217	   4.9352	  18.5619	-1	669	1140
218	   9.3119	   5.9592	-1	820	1140
219	  10.7593	   8.4465	-1	887	1140
220	  24.7979	   3.1724	0	540	1140
221	   9.0514	  12.1503	0	540	1140
222	  11.3273	  18.0197	0	540	1140
223	   1.8876	  20.5982	0	540	1140
224	   9.3098	  22.0239	0	540	1140
225	  23.4716	  22.2738	0	540	1140
226	  13.2930	  24.5903	0	540	1140
