6	5	50	60
0	   7.2616	  17.3241	3	624	624
1	   9.1483	  14.2667	3	596	596
2	  22.5076	  19.2905	3	759	759
3	  12.0345	   7.6186	3	989	989
4	  11.1467	  15.3836	3	945	945
5	   9.0719	  19.9333	3	851	851
6	   1.7156	  14.1746	3	791	791
7	   6.0769	  14.6022	3	856	856
8	   0.1549	  22.8668	3	640	640
9	  23.8954	  11.3692	3	786	786
10	  16.6856	  20.9369	3	755	755
11	  22.1636	  23.9472	3	666	666
12	  13.2610	  13.7842	3	642	642
13	  11.1001	  22.4093	3	744	744
14	   3.0509	  22.0061	3	827	827
15	  19.6220	   7.1449	3	914	914
16	  10.5219	   6.6565	3	886	886
17	  14.7635	  21.6686	3	748	748
18	  22.0400	  23.8353	3	937	937
19	  16.6019	  23.7557	3	703	703
20	  13.0099	  22.6789	3	957	957
21	  21.4214	  23.1769	3	882	882
22	  24.8820	  13.1071	3	719	719
23	  10.8298	  23.1544	3	887	887
24	   4.7841	  13.8807	3	994	994
25	  20.1605	  14.4213	3	1022	1022
26	  21.5662	  15.6340	3	650	650
27	  21.4390	  11.3297	3	807	807
28	  12.3026	  18.4790	3	864	864
29	  17.2347	  23.1749	3	884	884
30	   1.5835	   5.5926	3	907	907
31	  21.7296	   0.8649	3	800	800
32	  24.0418	  18.9874	3	793	793
33	   6.2581	  18.1556	3	978	978
34	   0.5303	   1.8628	3	622	622
35	  16.4668	   5.3144	3	570	570
36	  15.7434	  11.6273	3	662	662
37	  19.7357	  20.8555	3	853	853
38	   1.4098	  16.3020	3	866	866
39	  11.4895	  22.8488	3	742	742
40	   2.6967	   8.5626	3	952	952
41	  10.9716	   4.2801	3	933	933
42	  14.1552	   7.7012	3	720	720
43	   5.1450	   8.2606	3	1034	1034
44	   0.4227	  22.8727	3	637	637
45	  20.1438	  16.8895	3	860	860
46	   3.5168	  22.9229	3	781	781
47	   6.7427	   4.9266	3	964	964
48	  14.2249	  18.2322	3	568	568
49	   2.7754	  16.8565	3	678	678
50	   9.5448	  17.3362	-3	624	624
51	   9.6373	  16.2314	-3	596	596
52	  22.1075	  20.5865	-3	759	759
53	  11.4851	   7.5451	-3	989	989
54	  11.5624	  13.9477	-3	945	945
55	   7.0775	  20.4191	-3	851	851
56	   3.1383	  12.6191	-3	791	791
57	   5.2179	  14.5904	-3	856	856
58	   0.6618	  21.5640	-3	640	640
59	  22.1089	  12.6137	-3	786	786
60	  17.2404	  20.4590	-3	755	755
61	  19.6152	  21.4921	-3	666	666
62	  12.1856	  15.1228	-3	642	642
63	  10.8200	  21.4424	-3	744	744
64	   2.6317	  23.7921	-3	827	827
65	  20.6106	   6.7113	-3	914	914
66	  11.5350	   6.2133	-3	886	886
67	  13.3579	  23.5546	-3	748	748
68	  19.1138	  22.0455	-3	937	937
69	  16.9715	  21.5606	-3	703	703
70	  12.4189	  20.9330	-3	957	957
71	  22.6292	  19.9374	-3	882	882
72	  24.0011	  16.8210	-3	719	719
73	  10.6265	  23.3635	-3	887	887
74	   5.1121	  14.7825	-3	994	994
75	  20.8134	  14.9287	-3	1022	1022
76	  21.6514	  15.2056	-3	650	650
77	  20.6979	  11.0670	-3	807	807
78	  12.7042	  17.7322	-3	864	864
79	  15.8549	  24.9741	-3	884	884
80	   0.8522	   4.1868	-3	907	907
81	  21.6058	   1.4881	-3	800	800
82	  23.4573	  19.7737	-3	793	793
83	   5.2405	  16.1547	-3	978	978
84	   0.2367	   1.1745	-3	622	622
85	  18.1475	   5.5587	-3	570	570
86	  16.3279	  12.7967	-3	662	662
87	  20.3040	  17.8826	-3	853	853
88	   2.2017	  16.9736	-3	866	866
89	  10.4819	  22.2370	-3	742	742
90	   1.6165	   9.8195	-3	952	952
91	   9.9340	   4.8759	-3	933	933
92	  13.7675	   5.6906	-3	720	720
93	   4.6582	   8.3843	-3	1034	1034
94	   1.3166	  21.6983	-3	637	637
95	  19.4477	  17.3833	-3	860	860
96	   2.5006	  24.8031	-3	781	781
97	   6.4628	   4.2680	-3	964	964
98	  17.0243	  19.1032	-3	568	568
99	   3.9353	  16.4597	-3	678	678
100	   4.6532	  19.7210	1	789	849
101	  23.3261	   4.1462	1	547	607
102	   0.0816	  24.1783	1	640	700
103	   8.3330	   2.3296	1	898	958
104	   6.2886	   5.6754	1	927	987
105	   3.5481	  15.7544	1	1004	1064
106	   1.6416	   2.1176	1	850	910
107	  10.7396	  18.6408	1	977	1037
108	   3.9227	  15.3928	1	973	1033
109	  23.4094	   4.3437	1	667	727
110	   0.8206	   9.8107	1	574	634
111	   5.5175	  21.4312	1	953	1013
112	  16.5220	   9.0656	1	809	869
113	  15.8009	  13.8272	1	619	679
114	  14.3420	  23.8281	1	791	851
115	   9.1040	   0.0816	1	581	641
116	  17.4689	  13.0267	1	959	1019
117	  15.4744	   5.8307	1	893	953
118	  18.1936	  18.0246	1	877	937
119	   0.8358	   9.7027	1	887	947
120	  16.5156	   4.3579	1	918	978
121	  14.1685	  15.0622	1	699	759
122	  14.7804	  13.0538	1	550	610
123	  10.3877	  11.9919	1	570	630
124	  12.3383	  24.7297	1	645	705
125	   9.4691	  15.2858	1	820	880
126	  11.7778	   2.3132	1	830	890
127	  11.8306	  10.7506	1	696	756
128	  20.6813	   7.6440	1	876	936
129	  10.7968	   8.2736	1	591	651
130	   4.4786	  10.6081	1	845	905
131	   0.8939	  20.6820	1	655	715
132	  18.0319	  12.6717	1	598	658
133	  22.9952	  15.1408	1	945	1005
134	   0.2854	  10.0110	1	543	603
135	   6.5716	   9.7260	1	985	1045
136	  23.3970	  18.1944	1	872	932
137	  17.8717	   4.6243	1	785	845
138	  15.6914	   8.0508	1	885	945
139	  16.3244	   1.0843	1	767	827
140	  15.0320	  12.9901	1	912	972
141	  23.5688	   8.0639	1	919	979
142	  18.2041	  13.1466	1	710	770
143	   6.3410	  16.1504	1	712	772
144	  16.2859	  19.7005	1	930	990
145	   8.2701	   5.6017	1	894	954
146	   7.0898	   1.2584	1	685	745
147	   5.9602	  19.1860	1	879	939
148	   7.1761	   2.7140	1	777	837
149	   4.0562	   7.8379	1	552	612
150	  24.2780	   2.2609	1	688	748
151	  18.9996	  15.9271	1	617	677
152	  18.5903	   0.3405	1	711	771
153	   3.2655	  13.2283	1	630	690
154	   7.4143	  15.5841	1	648	708
155	  22.4283	  17.5762	1	817	877
156	   6.6931	   1.7927	1	910	970
157	  22.5613	  13.9865	1	870	930
158	  23.2993	   9.0003	1	973	1033
159	  23.2122	   5.7136	1	708	768
160	   5.7059	  19.0540	-1	855	1140
161	  24.5844	   3.4302	-1	613	1140
162	   3.5220	  24.8421	-1	706	1140
163	   6.7773	   2.4798	-1	964	1140
164	   5.9607	   6.1401	-1	993	1140
165	   2.8039	  18.0868	-1	1070	1140
166	   2.8470	   3.5751	-1	916	1140
167	   9.5195	  19.2992	-1	1043	1140
168	   3.7653	  17.2569	-1	1039	1140
169	  24.8113	   3.2889	-1	733	1140
170	   0.2610	   9.1411	-1	640	1140
171	   4.1452	  20.9922	-1	1019	1140
172	  17.4369	   8.5530	-1	875	1140
173	  16.8761	  12.5062	-1	685	1140
174	  16.7646	  21.5584	-1	857	1140
175	   6.5750	   1.9701	-1	647	1140
176	  17.7692	  13.7707	-1	1025	1140
177	  14.3916	   7.5180	-1	959	1140
178	  18.4808	  18.5686	-1	943	1140
179	   2.3924	  10.6363	-1	953	1140
180	  14.9103	   1.8832	-1	984	1140
181	  12.0158	  13.6245	-1	765	1140
182	  12.1341	  12.3314	-1	616	1140
183	  10.5108	  12.8601	-1	636	1140
184	  13.9519	  24.6811	-1	711	1140
185	  11.6961	  16.6011	-1	886	1140
186	  12.0962	   2.8868	-1	896	1140
187	  10.7210	  10.0710	-1	762	1140
188	  22.3635	   5.9372	-1	942	1140
189	   9.0124	   7.5381	-1	657	1140
190	   6.1385	  10.1806	-1	911	1140
191	   0.2466	  23.3897	-1	721	1140
192	  18.9268	  10.6272	-1	664	1140
193	  24.5836	  12.7081	-1	1011	1140
194	   3.0170	  11.5787	-1	609	1140
195	   4.4542	  10.2277	-1	1051	1140
196	  20.3728	  19.5567	-1	938	1140
197	  17.3300	   7.8428	-1	851	1140
198	  18.2982	   9.2741	-1	951	1140
199	  14.1074	   3.9654	-1	833	1140
200	  17.8841	  13.7795	-1	980	1140
201	  23.9456	   8.8879	-1	988	1140
202	  19.0818	  15.6016	-1	778	1140
203	   8.9408	  19.0859	-1	779	1140
204	  15.4980	  16.1298	-1	996	1140
205	   9.9838	   4.2050	-1	963	1140
206	   4.2310	   1.9891	-1	753	1140
207	   4.5713	  20.5822	-1	948	1140
208	   8.7850	   5.8530	-1	844	1140
209	   0.9921	   9.5531	-1	623	1140
210	  22.2118	   3.3957	-1	756	1140
211	  17.1281	  12.5983	-1	684	1140
212	  15.1196	   0.5368	-1	780	1140
213	   3.1663	  17.3807	-1	698	1140
214	   4.4372	  12.0368	-1	717	1140
215	  23.9265	  17.7400	-1	883	1140
216	  10.3678	   4.1584	-1	978	1140
217	  19.2200	  13.6580	-1	941	1140
218	  22.9726	   6.4623	-1	1042	1140
219	  20.8784	   1.5859	-1	775	1140
220	   7.0441	  18.8830	0	540	1140
221	  24.1278	   0.9531	0	540	1140
222	  10.1650	   3.9046	0	540	1140
223	  15.6926	   3.5974	0	540	1140
224	  10.5972	  13.5696	0	540	1140
225	  10.5447	   1.6026	0	540	1140
