3	5	20	50
0	  21.0047	   9.8596	3	564	564
1	  19.5775	  19.9610	3	744	744
2	  22.7912	   4.9388	3	570	570
3	   8.3806	  19.2057	3	884	884
4	  11.9349	  15.7218	3	801	801
5	   9.1196	  12.8350	3	948	948
6	  23.8057	  22.9049	3	634	634
7	  15.8928	  17.9324	3	643	643
8	   3.5401	  15.1742	3	703	703
9	   0.4075	   6.0722	3	697	697
10	   3.4308	  20.1044	3	773	773
11	   3.9170	  10.0236	3	954	954
12	   3.2448	   2.7202	3	976	976
13	  24.9731	   5.4564	3	1025	1025
14	  12.8233	  20.9778	3	845	845
15	  15.3160	   7.4008	3	615	615
16	  15.9388	  13.1072	3	934	934
17	  12.3396	  24.3194	3	1025	1025
18	  13.1686	  19.2478	3	786	786
19	   7.0829	   8.8115	3	843	843
20	  20.7300	   8.2584	-3	564	564
21	  20.9207	  20.4532	-3	744	744
22	  21.5479	   5.0887	-3	570	570
23	   7.3129	  19.2839	-3	884	884
24	  11.7871	  14.8135	-3	801	801
25	   8.6236	  14.9620	-3	948	948
26	  23.7563	  23.0032	-3	634	634
27	  16.4687	  19.0444	-3	643	643
28	   1.8540	  15.8268	-3	703	703
29	   1.2985	   3.9452	-3	697	697
30	   3.1369	  19.8368	-3	773	773
31	   4.7050	  10.9124	-3	954	954
32	   3.7807	   1.8136	-3	976	976
33	  24.9998	   5.1082	-3	1025	1025
34	  11.5355	  20.4919	-3	845	845
35	  15.4899	   7.0265	-3	615	615
36	  16.6720	  12.4315	-3	934	934
37	  10.9409	  23.2959	-3	1025	1025
38	  13.2702	  18.9323	-3	786	786
39	   9.0900	   7.2067	-3	843	843
40	  20.1931	  22.9757	1	669	729
41	   1.7439	  23.7332	1	550	610
42	  13.1499	   2.1514	1	698	758
43	   4.8053	  16.5807	1	1008	1068
44	  22.2558	   8.7223	1	605	665
45	   1.6043	   0.5006	1	780	840
46	  11.4425	   1.5774	1	769	829
47	   5.9570	  24.2659	1	971	1031
48	  22.5552	  21.2730	1	561	621
49	   6.6666	  13.4940	1	554	614
50	  13.2902	   0.9820	1	747	807
51	  23.2702	  18.0238	1	695	755
52	   7.1073	  18.4634	1	840	900
53	  15.9995	   8.8512	1	587	647
54	  17.1965	   4.1494	1	820	880
55	  11.0026	  22.0019	1	804	864
56	   8.7590	  17.1667	1	587	647
57	  23.9117	  14.7160	1	666	726
58	  16.4326	  21.4669	1	707	767
59	  12.0623	   5.3956	1	851	911
60	   3.6915	  22.0266	1	703	763
61	  16.0270	  10.7988	1	930	990
62	  19.6501	   7.6864	1	915	975
63	   4.6883	   6.9059	1	611	671
64	  13.9111	  10.4125	1	768	828
65	   4.2402	  22.6701	1	832	892
66	  12.3861	  19.0119	1	777	837
67	   7.3540	   5.8065	1	884	944
68	  14.6122	   6.1103	1	787	847
69	   4.1025	  18.6268	1	853	913
70	   1.8632	  23.7526	1	609	669
71	   1.3132	  13.0391	1	849	909
72	  19.9450	  18.3164	1	796	856
73	  16.4141	  24.1851	1	767	827
74	  15.9865	  18.9934	1	779	839
75	   2.3370	   3.3726	1	793	853
76	  13.0053	   1.9558	1	940	1000
77	  22.2489	   3.1367	1	1008	1068
78	  24.9450	   1.3514	1	754	814
79	  17.1847	   2.4910	1	961	1021
80	  18.6952	  15.7227	1	954	1014
81	  20.8310	  23.1344	1	961	1021
82	  22.5842	  24.5899	1	579	639
83	  16.2427	   6.2011	1	716	776
84	  15.7370	   5.7284	1	940	1000
85	  17.5155	   7.9217	1	791	851
86	  12.7671	  24.2866	1	980	1040
87	   7.0011	  13.6527	1	988	1048
88	  17.9817	   2.8320	1	917	977
89	  23.6080	  11.2729	1	609	669
90	  22.7411	  21.8495	-1	738	1140
91	   0.1040	  23.0767	-1	618	1140
92	  13.3110	   2.1911	-1	764	1140
93	   5.5914	  16.2783	-1	1075	1140
94	  24.6211	   8.4561	-1	674	1140
95	   2.5793	   3.1519	-1	850	1140
96	  10.8628	   0.0808	-1	837	1140
97	   5.7242	  22.3343	-1	1039	1140
98	  22.8257	  20.4924	-1	628	1140
99	   8.9774	  13.8121	-1	623	1140
100	  12.1857	   3.9318	-1	817	1140
101	  24.4859	  18.5953	-1	762	1140
102	   9.5958	  19.3568	-1	909	1140
103	  17.1111	   9.5797	-1	654	1140
104	  18.1888	   3.4765	-1	887	1140
105	  10.9890	  23.0992	-1	871	1140
106	  10.3496	  17.3996	-1	655	1140
107	  22.7121	  15.5524	-1	734	1140
108	  17.1055	  22.7743	-1	775	1140
109	  11.1758	   5.6527	-1	918	1140
110	   4.0992	  20.7503	-1	770	1140
111	  14.4857	  11.3144	-1	998	1140
112	  18.7443	   9.2166	-1	983	1140
113	   4.4053	   6.0016	-1	678	1140
114	  13.9390	  10.6550	-1	834	1140
115	   6.5124	  21.9346	-1	901	1140
116	  11.5916	  21.2236	-1	846	1140
117	   8.2194	   5.7857	-1	951	1140
118	  14.5893	   6.6365	-1	853	1140
119	   2.6962	  16.1802	-1	923	1140
120	   7.6074	  24.8057	-1	683	1140
121	   4.0783	   9.7923	-1	921	1140
122	  19.1218	  17.4769	-1	863	1140
123	  14.4243	  21.9403	-1	837	1140
124	  14.3330	  18.8895	-1	847	1140
125	   1.7477	   5.1164	-1	861	1140
126	  14.8473	   4.5093	-1	1010	1140
127	  22.2237	   1.9249	-1	1075	1140
128	  21.7635	   1.8082	-1	824	1140
129	  17.1531	   2.3435	-1	1027	1140
130	  18.2340	  15.9664	-1	1020	1140
131	  23.5763	  22.9068	-1	1030	1140
132	  23.9659	  22.9733	-1	648	1140
133	  15.2221	   6.4727	-1	783	1140
134	  17.8022	   4.5639	-1	1009	1140
135	  19.3942	   7.2095	-1	859	1140
136	  10.6832	  23.3624	-1	1049	1140
137	   9.8582	  16.4708	-1	1059	1140
138	  20.8311	   5.8473	-1	988	1140
139	  21.6145	  12.3100	-1	678	1140
140	  12.8134	  16.6931	0	540	1140
141	  18.2682	   8.2094	0	540	1140
142	  15.5456	   1.0216	0	540	1140
