8	5	50	40
0	  12.8090	  16.4919	3	890	890
1	   3.0474	  16.1527	3	648	648
2	  16.7791	  18.8353	3	862	862
3	  14.5820	  24.2745	3	718	718
4	   6.9356	  16.3243	3	600	600
5	  22.0543	  13.9272	3	843	843
6	   1.0097	  17.3591	3	693	693
7	   1.0029	  11.3457	3	694	694
8	  16.8504	  24.8189	3	924	924
9	   5.6426	  12.5173	3	691	691
10	   0.7966	  14.0602	3	867	867
11	  20.3043	  24.8752	3	806	806
12	   3.2663	  10.3675	3	928	928
13	   1.5202	  23.1601	3	726	726
14	  22.4346	   7.0846	3	856	856
15	   7.4264	  12.4432	3	910	910
16	   1.4906	   4.4807	3	753	753
17	  21.8398	   2.3733	3	756	756
18	   2.1922	  19.4886	3	848	848
19	   1.2074	   8.9413	3	626	626
20	  23.0014	  16.8840	3	698	698
21	   1.8792	  20.5598	3	596	596
22	   6.7731	   5.1455	3	867	867
23	  11.4592	   7.4475	3	578	578
24	  11.3143	  11.6082	3	864	864
25	  23.5496	   8.7489	3	619	619
26	  18.6929	   5.9761	3	892	892
27	  10.4568	  22.5626	3	627	627
28	  22.6839	   7.2965	3	959	959
29	  20.9867	   2.1282	3	986	986
30	   6.0185	  22.1942	3	806	806
31	  11.0694	   2.5982	3	809	809
32	  24.1982	   9.0708	3	594	594
33	  19.4823	   1.0773	3	980	980
34	  14.4096	  17.6820	3	839	839
35	  18.0055	   0.7239	3	634	634
36	   9.4728	  22.9831	3	784	784
37	  22.5312	   5.6649	3	973	973
38	   3.2276	  15.8504	3	640	640
39	  15.2845	   3.1635	3	1020	1020
40	   2.3803	  11.2712	3	976	976
41	   5.2917	   8.3988	3	819	819
42	   8.4654	  16.3611	3	786	786
43	   0.4319	   5.4793	3	864	864
44	   8.7409	   5.0626	3	985	985
45	  15.6206	  21.1443	3	955	955
46	  21.8682	  11.9359	3	735	735
47	   0.1812	   6.3410	3	698	698
48	   9.9189	  22.7124	3	1023	1023
49	  12.0059	   3.0855	3	895	895
50	  13.9381	  18.0021	-3	890	890
51	   4.2902	  16.5551	-3	648	648
52	  16.9562	  20.5376	-3	862	862
53	  16.2952	  24.9244	-3	718	718
54	   9.4808	  16.3537	-3	600	600
55	  22.5584	  14.8891	-3	843	843
56	   3.4808	  16.1580	-3	693	693
57	   0.5254	  11.2658	-3	694	694
58	  19.3696	  22.9160	-3	924	924
59	   5.9273	  13.1542	-3	691	691
60	   1.3556	  13.8730	-3	867	867
61	  21.1951	  23.5640	-3	806	806
62	   3.2855	  12.1090	-3	928	928
63	   2.3746	  23.2750	-3	726	726
64	  21.1913	   7.1259	-3	856	856
65	   4.2507	  13.4754	-3	910	910
66	   3.8045	   2.9606	-3	753	753
67	  20.5443	   2.9260	-3	756	756
68	   2.5009	  20.1077	-3	848	848
69	   2.1360	  11.5458	-3	626	626
70	  21.4707	  16.0242	-3	698	698
71	   2.5683	  20.3740	-3	596	596
72	   5.3487	   2.3846	-3	867	867
73	  11.7398	   6.1551	-3	578	578
74	   9.7029	  13.2425	-3	864	864
75	  23.5150	   5.8191	-3	619	619
76	  18.1666	   7.9879	-3	892	892
77	  12.2482	  23.1689	-3	627	627
78	  23.7297	   5.4112	-3	959	959
79	  23.3920	   3.0760	-3	986	986
80	   6.3885	  20.2417	-3	806	806
81	  12.4453	   3.2580	-3	809	809
82	  22.0895	  11.1649	-3	594	594
83	  20.3087	   1.1200	-3	980	980
84	  15.3545	  15.7321	-3	839	839
85	  18.4213	   3.2516	-3	634	634
86	  10.4374	  23.9838	-3	784	784
87	  24.6151	   5.3814	-3	973	973
88	   6.7347	  14.9637	-3	640	640
89	  15.0432	   1.0521	-3	1020	1020
90	   1.7179	  14.4896	-3	976	976
91	   4.6006	   8.1552	-3	819	819
92	   9.3427	  15.7643	-3	786	786
93	   2.9397	  10.3222	-3	864	864
94	   8.8797	   2.1853	-3	985	985
95	  14.4719	  19.9475	-3	955	955
96	  20.7150	  11.2401	-3	735	735
97	   3.1726	  10.7254	-3	698	698
98	   8.5016	  23.0262	-3	1023	1023
99	  10.8727	   4.8265	-3	895	895
100	   7.2560	  23.6886	1	637	697
101	  15.0497	  15.7120	1	612	672
102	  24.0704	   4.7352	1	912	972
103	  19.7909	  20.9386	1	1004	1064
104	  16.6711	  19.9721	1	772	832
105	   2.2796	   1.5900	1	898	958
106	  17.6845	  14.2855	1	675	735
107	   4.6754	  23.3848	1	904	964
108	   4.5190	  23.6113	1	735	795
109	  19.9275	   1.6257	1	975	1035
110	  17.3471	  11.6543	1	920	980
111	  24.6827	   3.6361	1	844	904
112	  23.6082	  11.7604	1	736	796
113	  17.9437	  16.2927	1	926	986
114	   1.0459	  22.6192	1	724	784
115	  14.6775	   5.5649	1	898	958
116	  10.6729	   0.0854	1	722	782
117	  15.8005	   3.0199	1	880	940
118	  17.7009	  16.6100	1	973	1033
119	  11.5560	   7.1728	1	812	872
120	  11.5574	  20.4011	1	780	840
121	  23.5669	  14.3872	1	709	769
122	  12.6628	   2.0478	1	691	751
123	   5.5453	  23.3357	1	849	909
124	   9.5151	   8.7431	1	774	834
125	   7.6466	  20.3266	1	599	659
126	  15.1905	  11.6050	1	614	674
127	   9.9407	  15.9916	1	811	871
128	  17.0816	  11.2964	1	589	649
129	  14.7842	  18.1216	1	567	627
130	  21.9181	  17.1588	1	976	1036
131	  16.3967	   6.6239	1	686	746
132	  15.2484	   0.9118	1	571	631
133	  13.0208	  21.7555	1	878	938
134	  17.0820	   2.0193	1	613	673
135	  13.8299	  11.6612	1	803	863
136	   7.3970	  12.5700	1	767	827
137	  18.6800	  24.4786	1	748	808
138	   6.1579	   8.8453	1	698	758
139	   1.0041	  14.7887	1	894	954
140	   8.2203	  24.6481	-1	703	1140
141	  17.1090	  16.9913	-1	678	1140
142	  24.0372	   5.1958	-1	978	1140
143	  17.3024	  22.6566	-1	1070	1140
144	  13.7755	  20.6674	-1	838	1140
145	   7.9912	   1.4248	-1	964	1140
146	  17.0995	  14.9175	-1	741	1140
147	   2.5939	  22.6454	-1	970	1140
148	   2.1332	  21.3458	-1	801	1140
149	  18.1567	   3.6156	-1	1041	1140
150	  18.7520	  13.8758	-1	986	1140
151	  19.1617	   4.6301	-1	910	1140
152	  21.2305	   9.0472	-1	802	1140
153	  19.3644	  17.6637	-1	992	1140
154	   2.7487	  20.2018	-1	790	1140
155	  12.5816	   4.1425	-1	964	1140
156	   9.5590	   3.1457	-1	788	1140
157	  13.4280	   1.3925	-1	946	1140
158	  18.5580	  18.3065	-1	1039	1140
159	  10.3028	   9.2211	-1	878	1140
160	  14.3961	  18.9942	-1	846	1140
161	  21.3988	  14.3743	-1	775	1140
162	  13.2437	   0.8033	-1	757	1140
163	   4.8646	  19.5825	-1	915	1140
164	   7.8994	   9.6354	-1	840	1140
165	  11.4944	  19.2134	-1	665	1140
166	  13.8640	  12.2000	-1	680	1140
167	  12.0937	  13.9532	-1	877	1140
168	  19.9694	  10.8234	-1	655	1140
169	  11.9601	  14.5332	-1	633	1140
170	  19.9464	  16.1700	-1	1042	1140
171	  19.0611	   5.2704	-1	752	1140
172	  16.4777	   4.9950	-1	637	1140
173	  14.0531	  24.9036	-1	944	1140
174	  14.8882	   2.5897	-1	679	1140
175	  11.9193	  10.0396	-1	869	1140
176	  10.5844	  14.7085	-1	833	1140
177	  20.4312	  23.2635	-1	814	1140
178	   6.0719	   5.8979	-1	764	1140
179	   1.8206	  11.6767	-1	960	1140
180	  17.7847	   4.2157	0	540	1140
181	  22.8579	  22.6803	0	540	1140
182	   9.7081	   0.8205	0	540	1140
183	  23.3850	  15.4817	0	540	1140
184	   5.9859	  23.2716	0	540	1140
185	   0.1490	  16.1022	0	540	1140
186	  10.9970	   7.6636	0	540	1140
187	  15.0086	  19.4060	0	540	1140
