6	5	30	50
0	   5.1943	  18.6283	3	623	623
1	   1.2146	   7.0783	3	614	614
2	  21.4417	  21.9347	3	802	802
3	   4.6066	   9.6567	3	849	849
4	  24.8225	  15.7158	3	661	661
5	   4.0745	  10.3425	3	592	592
6	  12.0557	   9.2722	3	657	657
7	  22.1094	  22.0045	3	1020	1020
8	   6.5219	   6.1548	3	632	632
9	   3.7009	  20.3048	3	782	782
10	  12.5647	  19.8356	3	881	881
11	  13.1251	   7.6782	3	980	980
12	  14.9750	   5.3270	3	811	811
13	  22.6626	  18.4362	3	1007	1007
14	   9.4286	   2.8569	3	876	876
15	  12.0645	  10.6432	3	733	733
16	   9.9352	   8.5062	3	880	880
17	  18.1629	   7.4004	3	807	807
18	   5.2576	  22.2374	3	794	794
19	  17.7429	  17.3133	3	951	951
20	   6.5097	  14.8523	3	1036	1036
21	  14.3178	  13.0316	3	932	932
22	  21.0070	  18.0187	3	965	965
23	   8.3365	   8.5717	3	599	599
24	  16.2499	   2.8294	3	620	620
25	   1.7886	  17.2925	3	809	809
26	   8.1437	  24.4512	3	1029	1029
27	  10.7286	  17.5723	3	791	791
28	   2.3080	  22.7931	3	707	707
29	   6.2993	  10.7934	3	660	660
30	   5.3677	  19.5466	-3	623	623
31	   1.0426	   5.3143	-3	614	614
32	  21.0390	  21.6175	-3	802	802
33	   5.4034	   9.1124	-3	849	849
34	  21.2693	  16.3166	-3	661	661
35	   3.2155	  12.2432	-3	592	592
36	  11.1831	   9.0697	-3	657	657
37	  22.3759	  22.8276	-3	1020	1020
38	   4.6155	   5.7553	-3	632	632
39	   3.4921	  17.0182	-3	782	782
40	  12.2204	  21.4828	-3	881	881
41	  13.5351	   9.3647	-3	980	980
42	  14.7288	   5.0459	-3	811	811
43	  19.4092	  17.1280	-3	1007	1007
44	  12.0719	   2.3742	-3	876	876
45	  11.9570	   9.7504	-3	733	733
46	   9.6465	   7.0385	-3	880	880
47	  19.8352	   8.4915	-3	807	807
48	   7.5492	  20.9782	-3	794	794
49	  17.4287	  17.1963	-3	951	951
50	   6.4380	  18.0758	-3	1036	1036
51	  15.9538	  13.8696	-3	932	932
52	  22.0677	  15.4591	-3	965	965
53	  10.9946	   8.2642	-3	599	599
54	  18.9116	   3.0225	-3	620	620
55	   3.4156	  16.5361	-3	809	809
56	   8.3571	  22.3058	-3	1029	1029
57	  11.4777	  17.7221	-3	791	791
58	   0.3314	  19.4307	-3	707	707
59	   5.5323	  12.6299	-3	660	660
60	   1.7850	  24.4622	1	965	1025
61	  18.1937	   7.0425	1	740	800
62	  21.6996	  10.9367	1	976	1036
63	  24.3558	   3.2093	1	758	818
64	   0.7889	  13.6735	1	949	1009
65	  16.2409	  21.7960	1	657	717
66	   6.6922	  24.5774	1	910	970
67	  22.2788	  24.6386	1	829	889
68	  23.0919	  24.5868	1	679	739
69	  22.4317	   1.3073	1	574	634
70	  11.8301	   3.7310	1	811	871
71	  12.1007	  13.6150	1	820	880
72	   3.1931	   5.2944	1	954	1014
73	   3.1021	  17.0200	1	584	644
74	   8.6869	  19.3430	1	860	920
75	  13.8160	  15.3791	1	1002	1062
76	  18.9204	  19.1837	1	868	928
77	   9.9257	  14.9594	1	672	732
78	  12.7870	   4.7112	1	550	610
79	  12.8212	  10.0659	1	754	814
80	   4.3498	  10.9131	1	996	1056
81	  10.0978	   8.7057	1	668	728
82	   8.5984	  20.8466	1	778	838
83	   0.7687	  11.7005	1	951	1011
84	  12.8666	   9.4555	1	929	989
85	   6.0435	   1.6826	1	808	868
86	  24.8347	  24.9639	1	920	980
87	  14.9233	  11.6675	1	639	699
88	  12.7762	  20.7285	1	982	1042
89	   2.3378	   4.0094	1	797	857
90	   9.7647	  20.3266	1	911	971
91	  19.9889	  13.0706	1	937	997
92	   4.5839	   2.9577	1	998	1058
93	  24.8829	  21.6459	1	877	937
94	   1.5290	  18.4442	1	617	677
95	  11.9900	  17.3253	1	869	929
96	  15.8731	   9.5000	1	926	986
97	  20.3419	   9.7847	1	919	979
98	  12.5226	  22.6797	1	688	748
99	  13.7941	  24.2508	1	595	655
100	  19.5774	   7.4329	1	885	945
101	   9.0922	   1.6045	1	959	1019
102	  23.0994	   4.0811	1	807	867
103	  14.6751	  15.4486	1	830	890
104	   3.6640	   3.4886	1	1004	1064
105	   0.1345	  11.3354	1	657	717
106	  19.8084	   1.6635	1	754	814
107	   4.7796	   6.7984	1	794	854
108	  12.0104	  19.2316	1	790	850
109	   3.0718	  16.6434	1	764	824
110	   5.5125	  24.3211	-1	1032	1140
111	  16.6897	   8.3202	-1	808	1140
112	  20.8663	   9.7603	-1	1044	1140
113	  22.3269	   2.4658	-1	825	1140
114	   2.0829	  14.0286	-1	1015	1140
115	  14.2478	  22.1034	-1	726	1140
116	   2.3460	  23.8128	-1	979	1140
117	  20.6576	  24.8928	-1	896	1140
118	  18.9887	  20.6527	-1	745	1140
119	  23.9047	   2.7096	-1	644	1140
120	  12.6871	   3.7470	-1	885	1140
121	  11.6658	  11.9072	-1	892	1140
122	   3.3277	   7.5139	-1	1021	1140
123	   2.6682	  18.7726	-1	654	1140
124	   8.7426	  19.6331	-1	928	1140
125	  16.2984	  14.3307	-1	1070	1140
126	  17.4986	  16.3981	-1	938	1140
127	   9.3465	  12.0023	-1	739	1140
128	  15.0558	   7.5152	-1	620	1140
129	  13.0131	   9.5541	-1	820	1140
130	   6.4392	   9.0244	-1	1062	1140
131	  11.7282	   6.9533	-1	737	1140
132	   7.5475	  21.8745	-1	847	1140
133	   2.7999	  10.5334	-1	1018	1140
134	  12.6243	   4.8684	-1	998	1140
135	   5.4375	   3.8210	-1	876	1140
136	  19.3544	  23.7984	-1	989	1140
137	  17.3766	  14.8255	-1	710	1140
138	  12.6297	  19.9454	-1	1053	1140
139	   4.6482	   2.1695	-1	866	1140
140	  11.4440	  22.4592	-1	977	1140
141	  22.6162	  10.9278	-1	1003	1140
142	   6.5258	   5.1158	-1	1064	1140
143	  20.9433	  17.4925	-1	943	1140
144	   0.3977	  22.6388	-1	683	1140
145	  13.7998	  19.3808	-1	935	1140
146	  15.0852	   6.8058	-1	992	1140
147	  16.8649	  12.0951	-1	985	1140
148	  12.1342	  21.6965	-1	754	1140
149	  17.2823	  21.2045	-1	661	1140
150	  18.0161	  10.8769	-1	951	1140
151	   5.6673	   3.5469	-1	1025	1140
152	  21.4419	   4.1438	-1	873	1140
153	  18.4744	  14.5110	-1	896	1140
154	   6.0964	   3.0504	-1	1070	1140
155	   1.8822	  14.1328	-1	723	1140
156	  20.3951	   0.5448	-1	820	1140
157	   5.4649	   6.0045	-1	860	1140
158	  11.9637	  23.0763	-1	856	1140
159	   6.7715	  16.2514	-1	830	1140
160	   7.6197	  11.4231	0	540	1140
161	   7.0271	  15.6665	0	540	1140
162	   7.5779	  14.5418	0	540	1140
163	   8.6412	  14.6435	0	540	1140
164	  22.2928	  22.6049	0	540	1140
165	  15.7963	  22.4289	0	540	1140
