7	5	40	50
0	  23.1434	   0.3986	3	901	901
1	  19.1179	  17.4731	3	758	758
2	  22.8693	  20.8526	3	643	643
3	  21.1902	   8.3556	3	666	666
4	  22.9135	  18.8936	3	645	645
5	  19.7307	   5.5233	3	765	765
6	   5.9578	   6.0266	3	605	605
7	   9.4045	  18.1260	3	589	589
8	  17.0537	   7.4141	3	621	621
9	  13.4107	   6.7005	3	857	857
10	  23.0907	   8.3586	3	596	596
11	   7.0672	  11.0605	3	672	672
12	  10.5857	   4.0325	3	793	793
13	  24.1520	   8.7291	3	649	649
14	   4.4312	  18.2699	3	889	889
15	   1.2022	   2.3005	3	945	945
16	  14.1225	  22.3924	3	1009	1009
17	  10.6561	  12.0360	3	934	934
18	  16.2860	   8.6303	3	981	981
19	  14.8607	  11.0167	3	671	671
20	  14.1536	  20.8185	3	585	585
21	  17.0433	  23.5580	3	958	958
22	  13.9446	   9.0970	3	773	773
23	   5.9722	   2.3553	3	774	774
24	  15.7975	   4.0629	3	826	826
25	  10.7139	  22.8647	3	883	883
26	   6.1507	   0.7091	3	904	904
27	  15.8957	   5.3027	3	727	727
28	   9.4382	  20.3269	3	840	840
29	  23.5725	  10.6404	3	931	931
30	  22.6273	  12.6950	3	1009	1009
31	   8.0328	   8.2834	3	701	701
32	  24.7310	  24.3188	3	649	649
33	  16.9137	  14.5917	3	612	612
34	  10.3355	   6.0672	3	679	679
35	  10.4102	   2.3787	3	607	607
36	   4.6253	  24.3548	3	817	817
37	  14.6603	  12.4239	3	596	596
38	   0.1380	   4.7837	3	636	636
39	   5.4928	  15.1828	3	751	751
40	  22.9742	   2.8247	-3	901	901
41	  19.8870	  17.3474	-3	758	758
42	  23.3773	  22.2096	-3	643	643
43	  21.9466	   7.1130	-3	666	666
44	  24.0056	  18.4717	-3	645	645
45	  18.0557	   6.6644	-3	765	765
46	   7.5055	   5.1101	-3	605	605
47	   9.3323	  16.9923	-3	589	589
48	  17.3926	   8.1578	-3	621	621
49	  14.4562	   6.1545	-3	857	857
50	  22.8589	   8.6043	-3	596	596
51	   7.2945	   9.2318	-3	672	672
52	  10.9451	   4.2302	-3	793	793
53	  23.6037	   9.1350	-3	649	649
54	   4.3770	  17.8068	-3	889	889
55	   1.7101	   2.2732	-3	945	945
56	  14.4014	  22.5918	-3	1009	1009
57	  11.4757	  10.5975	-3	934	934
58	  17.5276	   8.7139	-3	981	981
59	  15.4813	  11.2955	-3	671	671
60	  14.0415	  19.2647	-3	585	585
61	  17.7210	  23.1404	-3	958	958
62	  14.5092	   9.7568	-3	773	773
63	   6.4835	   3.3297	-3	774	774
64	  15.8127	   4.5609	-3	826	826
65	  10.7932	  23.3332	-3	883	883
66	   6.8765	   0.2704	-3	904	904
67	  14.7559	   4.0533	-3	727	727
68	   9.3862	  19.2844	-3	840	840
69	  24.0681	  10.3677	-3	931	931
70	  24.4198	  14.2058	-3	1009	1009
71	   7.9230	   8.3341	-3	701	701
72	  23.2677	  23.3603	-3	649	649
73	  16.3290	  16.1610	-3	612	612
74	   9.3990	   4.3928	-3	679	679
75	  11.5624	   3.2098	-3	607	607
76	   4.7763	  23.1585	-3	817	817
77	  13.1239	  11.9874	-3	596	596
78	   1.3869	   2.4176	-3	636	636
79	   4.6752	  17.0862	-3	751	751
80	  11.5913	  14.9310	1	844	904
81	  10.5097	  10.1638	1	564	624
82	   0.5714	   8.1371	1	803	863
83	  16.4205	  22.5899	1	647	707
84	  12.1815	  18.2585	1	983	1043
85	  20.6372	  19.0267	1	735	795
86	  11.0806	   9.5241	1	593	653
87	  19.4919	  11.0602	1	854	914
88	  12.5679	  20.0633	1	829	889
89	   8.0166	  11.5906	1	1004	1064
90	   4.8491	   8.3533	1	787	847
91	  17.7899	   0.4864	1	794	854
92	   7.5993	   7.0041	1	944	1004
93	  13.3931	  16.9855	1	620	680
94	   1.5096	   0.3567	1	971	1031
95	   9.8414	  17.3224	1	972	1032
96	   4.9176	  10.3920	1	675	735
97	  21.4522	   7.2943	1	717	777
98	   9.7310	  20.2191	1	1000	1060
99	  20.9357	  14.5802	1	635	695
100	   3.5724	  13.7256	1	658	718
101	  15.0666	   5.9524	1	929	989
102	   3.4621	  22.6659	1	818	878
103	  12.9564	  16.8552	1	980	1040
104	  14.6514	  14.2449	1	894	954
105	  14.6016	   1.1704	1	790	850
106	   8.4834	  19.5192	1	887	947
107	  18.9286	   8.0146	1	623	683
108	  10.5041	  13.4015	1	796	856
109	  23.6640	   3.2251	1	595	655
110	  11.5418	  24.9313	1	906	966
111	  20.1504	  24.8985	1	562	622
112	  13.6241	   0.9196	1	619	679
113	  23.5855	  17.6316	1	632	692
114	   8.9415	  13.2369	1	670	730
115	   4.3979	  21.4781	1	994	1054
116	   1.4408	  12.8813	1	827	887
117	  16.0911	   9.9259	1	655	715
118	  21.0178	   1.5952	1	771	831
119	   6.1421	  14.7635	1	578	638
120	  13.4864	  22.3056	1	581	641
121	  17.9147	  18.1615	1	548	608
122	  14.3918	  16.5002	1	833	893
123	  22.0164	   5.1451	1	917	977
124	   3.7473	  19.5229	1	561	621
125	   3.3059	   4.4098	1	726	786
126	  22.0180	  10.5570	1	879	939
127	  19.6921	  12.3824	1	696	756
128	   4.8159	   7.5986	1	903	963
129	  17.7794	  19.5185	1	869	929
130	  12.3126	  15.2189	-1	910	1140
131	   9.9578	   9.3306	-1	633	1140
132	   0.7759	   8.1924	-1	872	1140
133	  15.5500	  23.1750	-1	714	1140
134	  11.5109	  16.6980	-1	1052	1140
135	  18.9519	  20.1981	-1	803	1140
136	  12.0827	  10.1259	-1	662	1140
137	  17.8998	   9.6371	-1	925	1140
138	  12.9893	  18.6418	-1	900	1140
139	   9.3808	  10.7921	-1	1073	1140
140	   4.8203	   9.8692	-1	853	1140
141	  18.5209	   0.2801	-1	860	1140
142	   6.2822	   6.3577	-1	1010	1140
143	  12.8189	  15.9386	-1	686	1140
144	   1.2672	   0.7376	-1	1037	1140
145	   8.6815	  16.9951	-1	1038	1140
146	   3.7296	  11.2510	-1	741	1140
147	  23.0894	   7.8704	-1	783	1140
148	  10.8530	  23.7228	-1	1066	1140
149	  20.6662	  16.7084	-1	701	1140
150	   4.7468	  13.0783	-1	724	1140
151	  13.6961	   7.4661	-1	995	1140
152	   3.9627	  21.2729	-1	884	1140
153	  13.7275	  14.9883	-1	1046	1140
154	  13.0477	  13.1075	-1	960	1140
155	  14.1478	   0.0445	-1	856	1140
156	   6.0758	  17.1870	-1	953	1140
157	  19.6131	   8.7830	-1	689	1140
158	   9.6211	  13.6278	-1	862	1140
159	  21.9864	   3.9707	-1	661	1140
160	   8.4098	  24.0213	-1	972	1140
161	  19.7718	  23.6847	-1	628	1140
162	  11.7822	   0.8091	-1	685	1140
163	  24.5202	  16.2577	-1	698	1140
164	   9.2974	  14.9443	-1	736	1140
165	   4.0120	  21.4536	-1	1060	1140
166	   1.2168	  11.9145	-1	893	1140
167	  15.0710	   9.0655	-1	721	1140
168	  21.4049	   1.6102	-1	837	1140
169	   8.3070	  15.6524	-1	644	1140
170	  15.9818	  23.5420	-1	647	1140
171	  16.2926	  17.0577	-1	614	1140
172	  14.7026	  13.3984	-1	899	1140
173	  23.6744	   8.0108	-1	983	1140
174	   4.3348	  20.0793	-1	627	1140
175	   0.5781	   4.2750	-1	792	1140
176	  19.6781	   8.6285	-1	945	1140
177	  16.6837	   9.7098	-1	762	1140
178	   4.7164	  11.1572	-1	969	1140
179	  19.2078	  19.9270	-1	935	1140
180	  14.2604	   9.0569	0	540	1140
181	   0.4441	   6.1814	0	540	1140
182	  19.4759	  19.9523	0	540	1140
183	  13.1435	  13.6850	0	540	1140
184	   1.2885	  24.4737	0	540	1140
185	  23.2346	  20.6217	0	540	1140
186	  23.3274	  19.6818	0	540	1140
