6	5	20	60
0	   6.3128	   9.5812	3	915	915
1	   5.7572	  20.1070	3	612	612
2	  20.5898	  21.0376	3	787	787
3	   5.3972	   9.6403	3	663	663
4	  19.1231	   1.6127	3	711	711
5	  24.4919	   2.7405	3	593	593
6	   5.9623	   4.2166	3	831	831
7	  13.0603	  20.8089	3	1037	1037
8	  24.4753	   0.8804	3	603	603
9	   3.9013	   0.4385	3	737	737
10	  10.0518	  10.7330	3	615	615
11	  15.6445	  23.8150	3	656	656
12	   2.9741	  11.1520	3	868	868
13	  20.1222	  18.4132	3	625	625
14	   6.6627	   1.4351	3	984	984
15	  21.5420	  23.5842	3	994	994
16	   8.4574	   1.9393	3	604	604
17	   8.2245	   2.5805	3	766	766
18	   3.5520	   7.7164	3	1022	1022
19	   5.3209	   9.5143	3	870	870
20	   6.6900	   9.4251	-3	915	915
21	   8.0053	  19.4100	-3	612	612
22	  21.5858	  20.6856	-3	787	787
23	   4.0691	  10.8948	-3	663	663
24	  16.3837	   0.7084	-3	711	711
25	  23.3639	   3.2761	-3	593	593
26	   7.3012	   4.5651	-3	831	831
27	  11.6487	  19.4312	-3	1037	1037
28	  21.6519	   0.9041	-3	603	603
29	   4.3417	   0.5679	-3	737	737
30	   7.9041	  11.3511	-3	615	615
31	  13.9193	  23.2432	-3	656	656
32	   2.9944	  12.4198	-3	868	868
33	  20.1540	  17.5201	-3	625	625
34	   7.7080	   3.0134	-3	984	984
35	  23.1410	  21.3853	-3	994	994
36	   9.0951	   2.3471	-3	604	604
37	   8.8501	   2.9784	-3	766	766
38	   0.8492	   8.6543	-3	1022	1022
39	   5.3232	  11.4083	-3	870	870
40	  11.9330	  18.3812	1	954	1014
41	  19.2616	   9.2246	1	840	900
42	  11.8468	   4.3134	1	683	743
43	  19.9576	   2.4913	1	629	689
44	   3.1284	  15.5197	1	570	630
45	  18.2845	   6.1025	1	596	656
46	   1.6717	  13.4067	1	557	617
47	  24.5157	   8.3344	1	887	947
48	  20.7542	  11.3838	1	955	1015
49	   1.0943	   4.2116	1	756	816
50	  13.3230	   9.3188	1	588	648
51	   6.7920	  16.8750	1	761	821
52	  17.0351	  12.1129	1	950	1010
53	   1.3893	   3.9681	1	897	957
54	  15.3764	  24.7558	1	654	714
55	  15.9372	   2.2232	1	771	831
56	   1.4145	  22.9990	1	860	920
57	  13.3000	   3.0862	1	578	638
58	  15.3258	   7.1747	1	781	841
59	  12.6312	  16.4202	1	983	1043
60	  11.3863	   0.9542	1	597	657
61	   0.7390	  18.1783	1	718	778
62	  17.8292	  17.7741	1	770	830
63	  21.7422	  10.7854	1	816	876
64	   0.9312	  12.1186	1	813	873
65	  10.5412	  16.8684	1	676	736
66	  21.8078	   4.1776	1	610	670
67	  17.0552	  10.1078	1	669	729
68	   7.2638	   3.4609	1	752	812
69	  22.9235	  18.6843	1	672	732
70	   0.8590	  17.3394	1	699	759
71	  18.2936	   5.4085	1	697	757
72	   5.4236	  11.1229	1	904	964
73	   7.0435	   7.0415	1	775	835
74	  15.4416	  18.4597	1	786	846
75	   6.0298	  15.6659	1	866	926
76	  14.7404	   6.8888	1	831	891
77	  24.8185	  24.5577	1	804	864
78	  12.4218	  23.0011	1	743	803
79	  17.9260	   6.7729	1	776	836
80	  13.8144	  22.1769	1	952	1012
81	  21.3548	  10.4662	1	724	784
82	  23.0810	  11.7963	1	929	989
83	   3.9259	   3.1628	1	824	884
84	  15.5083	   5.2508	1	611	671
85	   8.9845	  21.5380	1	976	1036
86	  20.9167	  23.7250	1	988	1048
87	  18.1350	  22.5609	1	932	992
88	  22.1186	  17.6427	1	544	604
89	  10.4060	   8.8806	1	759	819
90	  13.4446	   4.6998	1	837	897
91	  17.0011	  17.3705	1	601	661
92	   7.8625	  11.2943	1	937	997
93	  24.8640	  23.3708	1	999	1059
94	  14.2473	   9.6165	1	877	937
95	  18.4971	  14.5703	1	672	732
96	  17.5487	  15.7138	1	665	725
97	   7.5520	   5.9934	1	879	939
98	  20.4135	  24.5531	1	801	861
99	  10.8474	  23.2279	1	878	938
100	  10.2726	  17.7632	-1	1023	1140
101	  19.2931	   7.4934	-1	908	1140
102	  10.9577	   1.4911	-1	749	1140
103	  19.1341	   1.2989	-1	696	1140
104	   3.7814	  13.7774	-1	639	1140
105	  17.7953	   5.0076	-1	666	1140
106	   1.1499	  11.9326	-1	625	1140
107	  23.1826	  10.7149	-1	955	1140
108	  22.3218	  11.9652	-1	1022	1140
109	   1.6468	   2.3924	-1	825	1140
110	  13.0859	  10.9988	-1	658	1140
111	   5.2913	  19.2186	-1	828	1140
112	  19.2541	  12.7350	-1	1019	1140
113	   5.4942	   6.7126	-1	964	1140
114	  13.9333	  24.8270	-1	721	1140
115	  17.9522	   1.7060	-1	838	1140
116	   0.4063	  24.6532	-1	928	1140
117	  11.4205	   1.2474	-1	646	1140
118	  15.6396	   8.3351	-1	849	1140
119	  14.3418	  14.6104	-1	1050	1140
120	  15.4635	   0.0394	-1	664	1140
121	   2.7631	  19.0563	-1	786	1140
122	  18.9135	  16.8882	-1	838	1140
123	  19.9088	  12.4617	-1	883	1140
124	   4.7082	  13.2494	-1	879	1140
125	  11.0147	  18.2650	-1	745	1140
126	  21.5003	   6.2726	-1	679	1140
127	  14.1640	   9.4418	-1	736	1140
128	   6.6187	   5.2048	-1	818	1140
129	  18.6619	  18.0152	-1	742	1140
130	   4.0763	  21.1456	-1	773	1140
131	  19.9817	   5.4389	-1	769	1140
132	   7.2433	   9.9816	-1	971	1140
133	   5.0817	   7.4968	-1	845	1140
134	  18.1370	  18.9223	-1	854	1140
135	   5.2209	  17.9535	-1	934	1140
136	  15.9546	   7.3912	-1	901	1140
137	  24.0359	  24.9695	-1	871	1140
138	  13.7102	  24.8664	-1	813	1140
139	  19.2582	   7.6891	-1	842	1140
140	  13.4438	  24.6796	-1	1018	1140
141	  18.6365	   9.2093	-1	793	1140
142	  20.8251	  10.7936	-1	998	1140
143	   0.8552	   1.7424	-1	891	1140
144	  17.6744	   6.0674	-1	680	1140
145	   7.5734	  23.3356	-1	1044	1140
146	  21.5199	  23.1976	-1	1057	1140
147	  20.8066	  24.8155	-1	1003	1140
148	  21.8628	  13.5375	-1	615	1140
149	  15.0178	   7.9260	-1	828	1140
150	  16.5450	   8.8485	-1	903	1140
151	  15.3582	  15.7878	-1	667	1140
152	  10.5020	   6.8092	-1	1003	1140
153	  22.1776	  20.5658	-1	1065	1140
154	  15.2413	   7.4331	-1	943	1140
155	  17.1353	  17.5920	-1	738	1140
156	  14.4807	  16.3284	-1	731	1140
157	   7.0711	   1.7167	-1	945	1140
158	  16.5517	  22.0327	-1	867	1140
159	   9.6217	  20.6912	-1	944	1140
160	   6.7243	  15.3677	0	540	1140
161	  22.3913	   2.2688	0	540	1140
162	  20.8965	  21.6046	0	540	1140
163	  18.4299	  10.2685	0	540	1140
164	  14.8417	   2.5101	0	540	1140
165	   3.5675	  12.3455	0	540	1140
