8	5	50	25
0	  10.1911	  24.4960	3	896	896
1	  22.0721	  22.7889	3	704	704
2	  24.1816	  18.8110	3	568	568
3	  11.0789	  11.7996	3	595	595
4	  15.2451	   6.2876	3	597	597
5	   1.3360	   4.2497	3	632	632
6	   3.1009	  17.1408	3	1011	1011
7	   0.9831	   9.8908	3	867	867
8	  21.3597	   1.0044	3	567	567
9	   0.4599	  23.3882	3	751	751
10	  24.8627	  10.3248	3	740	740
11	  20.2622	   3.3793	3	786	786
12	  11.5491	   6.5632	3	831	831
13	  22.7378	  22.7841	3	872	872
14	  20.3886	   7.9289	3	575	575
15	   5.7178	  21.4616	3	560	560
16	  11.2717	  16.7967	3	728	728
17	   8.2613	   1.5168	3	744	744
18	  23.0842	   9.5973	3	968	968
19	   5.7665	   1.1851	3	1037	1037
20	   1.7380	   6.7496	3	772	772
21	  11.0759	  23.0977	3	910	910
22	   7.7540	  11.5359	3	1028	1028
23	  13.2400	  21.3486	3	1003	1003
24	  16.4966	   8.5021	3	789	789
25	  24.7280	   3.0457	3	810	810
26	  15.0653	  22.4658	3	646	646
27	   5.3947	  23.1099	3	636	636
28	   2.9146	  11.1125	3	847	847
29	  19.5715	  14.1863	3	770	770
30	   2.9092	   2.8328	3	934	934
31	  15.7031	   0.9934	3	703	703
32	  12.4300	  21.4695	3	914	914
33	   2.1786	  14.1681	3	942	942
34	   3.2191	  13.2545	3	610	610
35	  12.2658	  10.9731	3	823	823
36	  24.7904	   8.7517	3	886	886
37	  17.1449	  13.0303	3	582	582
38	  21.5325	   4.8284	3	650	650
39	  22.0517	   7.6889	3	765	765
40	  10.6270	  24.9663	3	773	773
41	  14.1525	  21.7106	3	830	830
42	   8.0313	   4.8556	3	992	992
43	   1.3251	  24.8826	3	916	916
44	   9.6295	   4.5443	3	1014	1014
45	  13.1371	  21.8953	3	879	879
46	  15.5174	  12.9275	3	916	916
47	   5.6470	   7.6623	3	574	574
48	   0.9579	  10.7474	3	583	583
49	  16.3039	  22.4903	3	716	716
50	   8.4318	  24.9813	-3	896	896
51	  23.4584	  22.2585	-3	704	704
52	  23.9606	  18.2796	-3	568	568
53	  10.6365	  12.5523	-3	595	595
54	  13.3998	   7.7134	-3	597	597
55	   2.7778	   3.0768	-3	632	632
56	   3.3983	  16.7502	-3	1011	1011
57	   0.8298	  10.4539	-3	867	867
58	  21.9266	   2.9458	-3	567	567
59	   4.0530	  22.8014	-3	751	751
60	  23.5499	  12.0076	-3	740	740
61	  22.5952	   3.6006	-3	786	786
62	   9.5014	   6.8902	-3	831	831
63	  23.9471	  21.4374	-3	872	872
64	  21.4859	   6.1718	-3	575	575
65	   6.1061	  19.3602	-3	560	560
66	   9.5467	  19.1411	-3	728	728
67	   8.8718	   2.0220	-3	744	744
68	  22.4518	   8.6279	-3	968	968
69	   4.7630	   2.1813	-3	1037	1037
70	   5.1004	   8.6416	-3	772	772
71	  10.3453	  22.2011	-3	910	910
72	   7.0026	   8.7760	-3	1028	1028
73	  11.8528	  21.5728	-3	1003	1003
74	  15.5084	   6.1398	-3	789	789
75	  24.7561	   5.2117	-3	810	810
76	  14.7222	  21.9984	-3	646	646
77	   6.3340	  20.2586	-3	636	636
78	   2.2942	  12.5172	-3	847	847
79	  17.6454	  16.3405	-3	770	770
80	   1.3049	   3.9095	-3	934	934
81	  14.9618	   0.5420	-3	703	703
82	  13.1704	  23.3215	-3	914	914
83	   2.5015	  13.8374	-3	942	942
84	   1.3670	  11.3843	-3	610	610
85	  11.6873	  11.5978	-3	823	823
86	  24.5476	   4.0775	-3	886	886
87	  17.4431	  10.9593	-3	582	582
88	  20.6417	   4.1207	-3	650	650
89	  18.8014	   5.1985	-3	765	765
90	  11.1104	  21.4362	-3	773	773
91	  15.9562	  20.6282	-3	830	830
92	   8.3433	   6.0429	-3	992	992
93	   0.6496	  20.2817	-3	916	916
94	  10.8015	   4.8773	-3	1014	1014
95	  14.0341	  24.8428	-3	879	879
96	  15.0843	  12.3003	-3	916	916
97	   6.4085	   6.4357	-3	574	574
98	   0.1142	  13.7749	-3	583	583
99	  20.0460	  21.4386	-3	716	716
100	  15.5757	   2.9912	1	621	681
101	   9.0881	  17.8699	1	597	657
102	   0.5588	   1.1354	1	756	816
103	  16.0709	  14.3653	1	621	681
104	   9.8267	   1.4394	1	790	850
105	  13.6576	  19.4561	1	895	955
106	  16.3514	  21.5010	1	881	941
107	   4.1633	  15.6801	1	929	989
108	   7.7458	  20.4672	1	803	863
109	  16.1914	  13.9668	1	598	658
110	  15.1022	   9.5044	1	909	969
111	   6.3166	   4.6138	1	617	677
112	   3.4341	  12.9646	1	1003	1063
113	  11.8109	  11.1799	1	565	625
114	  22.2399	   0.6928	1	691	751
115	  20.8571	   0.6382	1	664	724
116	  10.1426	   3.5535	1	760	820
117	   7.3955	  14.9056	1	670	730
118	  19.7829	  21.6911	1	726	786
119	  10.1657	  15.6551	1	882	942
120	  15.6364	   9.4608	1	755	815
121	   0.4877	  12.8762	1	861	921
122	  10.1536	  21.3448	1	894	954
123	  13.5144	   2.5967	1	779	839
124	   6.1502	  14.6996	1	947	1007
125	  11.8494	   0.9816	-1	688	1140
126	   8.8013	  21.1308	-1	664	1140
127	   6.9760	   1.0132	-1	823	1140
128	  13.5339	  13.9416	-1	689	1140
129	   8.0058	   2.7977	-1	862	1140
130	  15.6063	  19.3299	-1	961	1140
131	  16.7817	  18.1169	-1	954	1140
132	   5.7348	  18.1970	-1	996	1140
133	   8.5761	  21.7218	-1	875	1140
134	  16.9126	  12.4741	-1	668	1140
135	  16.4397	   9.3769	-1	976	1140
136	   9.9600	   5.9056	-1	684	1140
137	   3.8442	  13.7794	-1	1073	1140
138	   9.4451	   9.8810	-1	640	1140
139	  17.4380	   0.8261	-1	760	1140
140	  13.8252	   1.0995	-1	738	1140
141	   9.7845	   1.1457	-1	829	1140
142	   9.3366	  12.4010	-1	740	1140
143	  24.9594	  18.5975	-1	793	1140
144	  12.2755	  17.5196	-1	950	1140
145	  13.5627	  11.8850	-1	823	1140
146	   0.3524	  19.3787	-1	931	1140
147	   7.3041	  23.6570	-1	967	1140
148	   9.7736	   1.1696	-1	856	1140
149	   6.2619	  17.4613	-1	1016	1140
150	   5.9836	   1.7947	0	540	1140
151	   9.1762	  24.2969	0	540	1140
152	  22.2800	  17.4607	0	540	1140
153	  19.9293	  11.1489	0	540	1140
154	  12.0937	  24.7154	0	540	1140
155	   3.9274	   9.7804	0	540	1140
156	  23.4179	   1.7041	0	540	1140
157	  22.7041	  20.4614	0	540	1140
