15	5	100	50
0	  20.9082	   4.6075	3	985	985
1	   2.1832	   5.8044	3	1027	1027
2	  24.3182	   3.9995	3	984	984
3	  18.6574	  10.4611	3	798	798
4	   7.6957	  21.2818	3	668	668
5	  11.7508	   9.2774	3	588	588
6	  23.2037	   9.5032	3	623	623
7	  14.0959	  15.7412	3	670	670
8	  20.4883	   3.2358	3	924	924
9	  21.7569	   2.9195	3	1012	1012
10	   0.9128	  23.0370	3	920	920
11	   6.2361	  23.7035	3	860	860
12	  18.4787	   8.8557	3	653	653
13	  22.5245	   0.1542	3	992	992
14	  12.4474	  18.4328	3	677	677
15	   4.7617	  14.6307	3	992	992
16	  18.6302	  17.8945	3	976	976
17	  14.5409	   1.3259	3	936	936
18	  14.1763	   1.2917	3	634	634
19	  10.6033	   3.7137	3	831	831
20	  19.9945	   8.8070	3	648	648
21	  13.2169	   9.0905	3	830	830
22	  12.3263	  21.3051	3	1019	1019
23	  11.6246	  13.2391	3	676	676
24	   1.7164	   9.4671	3	835	835
25	  12.9749	  14.1639	3	622	622
26	   2.8999	  17.7366	3	627	627
27	   3.7945	   2.1371	3	929	929
28	  21.8164	  22.4247	3	796	796
29	  20.0316	  11.3573	3	782	782
30	  23.7507	   9.2080	3	577	577
31	  12.6490	   9.3540	3	741	741
32	  12.9217	   7.6435	3	769	769
33	  18.1610	   1.1386	3	1001	1001
34	  16.7340	  17.7092	3	979	979
35	  14.0143	  21.4684	3	750	750
36	  21.1772	  16.0455	3	902	902
37	   5.2094	  16.6091	3	914	914
38	  18.7462	  23.7052	3	860	860
39	   6.4287	  13.7778	3	786	786
40	  10.0625	   5.1793	3	758	758
41	  22.9858	  22.7115	3	612	612
42	  14.5334	  10.9074	3	958	958
43	  12.0460	  22.0890	3	724	724
44	   0.4036	  21.8898	3	565	565
45	   1.1493	  14.4179	3	595	595
46	  18.3581	  18.4487	3	1028	1028
47	  22.7744	   7.6872	3	981	981
48	  22.6907	  18.9516	3	844	844
49	  23.7327	  11.3999	3	622	622
50	   3.1037	   3.9420	3	772	772
51	  12.9460	  21.7551	3	804	804
52	   3.6977	  19.3746	3	893	893
53	  10.5329	  13.7601	3	623	623
54	  24.5539	   8.5187	3	921	921
55	  19.4261	  16.8266	3	560	560
56	  21.7817	   6.4721	3	1038	1038
57	   3.3619	  15.0650	3	988	988
58	   8.5137	   9.3776	3	930	930
59	   4.4072	   6.2044	3	794	794
60	   3.3292	   3.1399	3	602	602
61	  17.6042	   6.4329	3	819	819
62	  11.4254	  20.0279	3	975	975
63	  17.3683	  15.1231	3	811	811
64	  14.4025	   2.9012	3	652	652
65	   3.8832	  13.9565	3	787	787
66	   3.0438	   5.8460	3	1001	1001
67	   7.1815	  24.8254	3	994	994
68	  22.0107	  15.6800	3	1013	1013
69	  17.9915	  16.8073	3	822	822
70	   2.7536	   2.0292	3	612	612
71	   4.3020	  11.4596	3	732	732
72	   9.3671	   8.1853	3	874	874
73	   0.4160	  20.7870	3	883	883
74	  23.5401	   3.4598	3	768	768
75	   1.8187	   0.2959	3	751	751
76	   4.6311	  12.9808	3	790	790
77	   7.6566	   1.9013	3	756	756
78	   8.8385	   8.5368	3	692	692
79	   2.0213	   0.9755	3	594	594
80	   5.8149	  16.1189	3	819	819
81	  15.1545	   2.8719	3	777	777
82	  14.3315	   6.9519	3	711	711
83	  18.2073	   4.3718	3	1024	1024
84	   6.9035	  21.4926	3	712	712
85	  18.3229	   8.7222	3	592	592
86	  21.7885	  22.9540	3	1024	1024
87	  21.7030	   5.6984	3	582	582
88	  14.9852	   4.3596	3	892	892
89	   7.5997	  23.8237	3	786	786
90	  12.8964	   5.8217	3	816	816
91	   2.6094	  14.9177	3	934	934
92	   6.7972	   8.4243	3	565	565
93	  11.2962	   3.6214	3	624	624
94	  16.4083	   0.6277	3	705	705
95	  10.5733	  19.0501	3	658	658
96	  15.3753	  13.3121	3	851	851
97	  17.6839	   2.1355	3	1019	1019
98	  10.8577	   1.8637	3	964	964
99	  22.7697	  24.8167	3	824	824
100	  21.0690	   5.3106	-3	985	985
101	   1.6329	   5.7216	-3	1027	1027
102	  24.2372	   4.0798	-3	984	984
103	  18.6942	  10.2592	-3	798	798
104	   7.0820	  20.6132	-3	668	668
105	  11.1621	   8.6139	-3	588	588
106	  23.2060	   8.9573	-3	623	623
107	  14.0976	  14.1790	-3	670	670
108	  20.1435	   3.2184	-3	924	924
109	  23.2220	   3.7857	-3	1012	1012
110	   0.0252	  22.8052	-3	920	920
111	   5.5308	  24.7757	-3	860	860
112	  17.2994	   8.3564	-3	653	653
113	  23.6533	   0.9033	-3	992	992
114	  11.9991	  18.4081	-3	677	677
115	   4.1682	  15.6567	-3	992	992
116	  19.3421	  17.8607	-3	976	976
117	  14.5811	   0.6641	-3	936	936
118	  13.2699	   1.1040	-3	634	634
119	   9.8437	   4.0603	-3	831	831
120	  20.2320	   8.5826	-3	648	648
121	  13.7091	   9.1522	-3	830	830
122	  12.3181	  21.0971	-3	1019	1019
123	  11.9426	  12.8208	-3	676	676
124	   1.8888	   9.0039	-3	835	835
125	  11.9202	  15.1618	-3	622	622
126	   3.3910	  18.0738	-3	627	627
127	   3.8852	   2.9463	-3	929	929
128	  21.8659	  22.8437	-3	796	796
129	  19.2090	  10.8827	-3	782	782
130	  24.3482	   7.6451	-3	577	577
131	  13.1858	   9.1071	-3	741	741
132	  13.5354	   7.9724	-3	769	769
133	  18.7796	   1.1475	-3	1001	1001
134	  16.9284	  17.3549	-3	979	979
135	  14.1912	  20.8615	-3	750	750
136	  20.3725	  15.9906	-3	902	902
137	   5.9509	  16.1339	-3	914	914
138	  19.4485	  23.3624	-3	860	860
139	   5.3492	  13.5298	-3	786	786
140	  10.2133	   5.4236	-3	758	758
141	  23.2191	  22.8450	-3	612	612
142	  15.7566	  10.4127	-3	958	958
143	  11.6032	  21.7200	-3	724	724
144	   0.8802	  21.3206	-3	565	565
145	   2.6418	  14.7475	-3	595	595
146	  17.4371	  19.7166	-3	1028	1028
147	  22.3752	   6.1908	-3	981	981
148	  22.5848	  19.4566	-3	844	844
149	  23.5575	  12.8024	-3	622	622
150	   3.0089	   4.9925	-3	772	772
151	  13.9157	  22.1853	-3	804	804
152	   3.4712	  19.7781	-3	893	893
153	  11.4716	  14.0873	-3	623	623
154	  21.9639	   9.0833	-3	921	921
155	  19.5729	  17.0735	-3	560	560
156	  22.0571	   6.4659	-3	1038	1038
157	   2.8145	  15.4270	-3	988	988
158	   9.2545	  10.3882	-3	930	930
159	   5.6174	   5.8031	-3	794	794
160	   1.6754	   2.0412	-3	602	602
161	  18.7576	   5.8550	-3	819	819
162	  12.4001	  19.6758	-3	975	975
163	  17.5197	  15.0066	-3	811	811
164	  14.7344	   2.7808	-3	652	652
165	   3.7722	  12.8701	-3	787	787
166	   2.0870	   7.8295	-3	1001	1001
167	   6.9014	  24.1897	-3	994	994
168	  21.7649	  15.3192	-3	1013	1013
169	  19.6854	  15.9617	-3	822	822
170	   2.7388	   1.1819	-3	612	612
171	   5.0752	  11.0068	-3	732	732
172	   9.8869	   8.0677	-3	874	874
173	   2.1634	  20.3668	-3	883	883
174	  22.9966	   1.6145	-3	768	768
175	   1.7230	   0.1315	-3	751	751
176	   4.8986	  13.0205	-3	790	790
177	   8.3453	   2.8274	-3	756	756
178	   8.9608	   7.5606	-3	692	692
179	   3.8301	   0.7824	-3	594	594
180	   5.5746	  14.8278	-3	819	819
181	  15.2446	   4.1747	-3	777	777
182	  13.4964	   6.8952	-3	711	711
183	  16.9597	   3.5070	-3	1024	1024
184	   6.0366	  21.9518	-3	712	712
185	  18.7974	   7.2968	-3	592	592
186	  22.5440	  22.0620	-3	1024	1024
187	  21.2097	   5.6309	-3	582	582
188	  12.4979	   4.5668	-3	892	892
189	   7.5621	  23.9460	-3	786	786
190	  13.1314	   7.4040	-3	816	816
191	   3.8700	  15.6899	-3	934	934
192	   6.7199	   8.5466	-3	565	565
193	  11.3258	   1.9397	-3	624	624
194	  17.5604	   0.0143	-3	705	705
195	  10.5863	  16.6570	-3	658	658
196	  15.1811	  13.5690	-3	851	851
197	  17.6640	   2.3750	-3	1019	1019
198	  10.4206	   2.1605	-3	964	964
199	  21.8246	  23.0056	-3	824	824
200	  20.9835	   0.3792	1	703	763
201	   8.8035	  20.7710	1	589	649
202	  24.7325	  20.0997	1	688	748
203	  24.3924	  16.1409	1	629	689
204	  20.7275	   9.9657	1	572	632
205	  10.1910	  11.1027	1	816	876
206	  23.2778	   5.4230	1	541	601
207	   7.5585	  24.7606	1	712	772
208	   1.9685	  18.4162	1	673	733
209	   1.6243	  10.9293	1	965	1025
210	   0.9768	   9.1864	1	839	899
211	  12.7138	  20.3317	1	934	994
212	   8.0243	   2.4481	1	854	914
213	  23.1125	  16.8277	1	980	1040
214	  11.9275	  22.6115	1	808	868
215	  13.9859	   7.6549	1	589	649
216	   4.5999	  13.4430	1	984	1044
217	  21.8167	  12.1585	1	1004	1064
218	  13.2036	  23.7852	1	841	901
219	   9.7146	   6.5514	1	606	666
220	   2.2350	   7.1623	1	971	1031
221	   9.6104	  16.8067	1	618	678
222	  14.6517	  14.0144	1	770	830
223	   5.4411	   3.6376	1	606	666
224	  21.6693	  13.0182	1	702	762
225	  18.8732	   7.4145	1	907	967
226	  14.4752	   0.1475	1	946	1006
227	   6.6990	   5.9156	1	895	955
228	   4.2780	  21.0146	1	988	1048
229	   8.3098	  22.9722	1	783	843
230	   6.2738	  17.9202	1	699	759
231	   0.7497	   4.4306	1	681	741
232	   8.0682	  19.0445	1	832	892
233	   9.4715	  13.0823	1	780	840
234	  18.2972	  13.3415	1	771	831
235	   5.4150	  18.2474	1	864	924
236	  13.0176	  12.3164	1	988	1048
237	  20.8641	  22.5099	1	704	764
238	   7.2313	   4.1739	1	566	626
239	  20.4821	  13.5051	1	583	643
240	  22.0940	  10.2610	1	659	719
241	  14.6916	  19.2411	1	797	857
242	   8.6425	  22.7572	1	977	1037
243	  11.0987	  15.0980	1	974	1034
244	  14.8098	  16.5137	1	767	827
245	  19.5719	  19.2304	1	707	767
246	  22.5820	  15.0541	1	955	1015
247	   0.3151	   4.6015	1	741	801
248	  23.8426	  21.5542	1	702	762
249	   9.8855	   6.1235	1	786	846
250	  21.3543	   2.6574	-1	769	1140
251	   7.8805	  19.7307	-1	655	1140
252	  24.0142	  19.5899	-1	754	1140
253	  24.7638	  17.2687	-1	695	1140
254	  20.0973	  10.6605	-1	638	1140
255	   9.8753	  12.8971	-1	882	1140
256	  21.1507	   6.7114	-1	607	1140
257	   7.5772	  24.1769	-1	778	1140
258	   2.3138	  20.4532	-1	739	1140
259	   1.6181	  10.5833	-1	1031	1140
260	   0.7749	   7.2297	-1	905	1140
261	  12.6770	  20.4733	-1	1000	1140
262	   9.0110	   3.6490	-1	920	1140
263	  22.7668	  17.5348	-1	1046	1140
264	  13.3376	  22.7585	-1	874	1140
265	  14.7789	   8.3608	-1	655	1140
266	   3.1158	  16.0303	-1	1050	1140
267	  21.7998	  12.7661	-1	1070	1140
268	  13.2857	  23.2435	-1	907	1140
269	   9.7739	   7.4004	-1	672	1140
270	   4.1227	   8.4974	-1	1037	1140
271	  11.1798	  15.3560	-1	684	1140
272	  14.4917	  12.3720	-1	836	1140
273	   5.3640	   3.7815	-1	672	1140
274	  21.2215	  13.1583	-1	768	1140
275	  20.6455	   7.3027	-1	973	1140
276	  15.9048	   0.6189	-1	1012	1140
277	   6.2086	   4.9661	-1	961	1140
278	   4.0345	  22.7598	-1	1054	1140
279	  11.0984	  23.4901	-1	849	1140
280	   6.6824	  17.3540	-1	765	1140
281	   1.6426	   1.8619	-1	747	1140
282	   7.7356	  19.6760	-1	898	1140
283	   9.0872	  13.1246	-1	846	1140
284	  18.2319	  11.2167	-1	837	1140
285	   7.4234	  17.8580	-1	930	1140
286	   9.7409	  13.5505	-1	1054	1140
287	  20.1186	  23.2118	-1	770	1140
288	   9.0198	   3.2545	-1	632	1140
289	  21.5364	  13.1854	-1	649	1140
290	  19.0369	  10.2232	-1	725	1140
291	  13.6694	  18.0802	-1	863	1140
292	  12.2424	  24.2359	-1	1043	1140
293	  12.2813	  17.4861	-1	1040	1140
294	  15.3596	  16.7235	-1	833	1140
295	  19.7978	  21.4089	-1	773	1140
296	  23.9159	  16.7157	-1	1021	1140
297	   1.0941	   9.5256	-1	807	1140
298	  24.9462	  21.0942	-1	768	1140
299	   9.4278	   4.9990	-1	852	1140
300	  24.9932	  13.9503	0	540	1140
301	  12.7664	  12.1283	0	540	1140
302	  10.5197	  19.6355	0	540	1140
303	   8.9099	  17.0312	0	540	1140
304	  14.5374	  18.7028	0	540	1140
305	   4.5608	  24.2747	0	540	1140
306	   3.2852	  13.9511	0	540	1140
307	  11.4199	  15.3548	0	540	1140
308	  12.5919	  19.5226	0	540	1140
309	  24.5482	   8.7052	0	540	1140
310	  17.3937	  11.3232	0	540	1140
311	  11.5788	   4.5199	0	540	1140
312	   5.3550	   7.6944	0	540	1140
313	  19.9472	  18.4844	0	540	1140
314	  14.3291	   4.2420	0	540	1140
